DMC, Unknown
lambda=  2.45010, T=   0.000, dT=  0.000, Date='2021-12-22 10:35:24'
   0.000   0.250 132.000     283., sample="Unknown"
  32145.  27555.  27671.  28264.  27947.  27909.  27690.  27863.  27763.  27713.
  27530.  27745.  27556.  27865.  27635.  27850.  27689.  27427.  27920.  27634.
  27428.  27333.  27898.  27676.  27629.  27803.  27649.  27553.  27438.  27020.
  26421.  25896.  26248.  26095.  26112.  25939.  26395.  26016.  25678.  25754.
  25722.  25539.  26066.  25923.  26179.  25855.  25866.  26008.  25947.  26107.
  26210.  25871.  26371.  26411.  26236.  26911.  28643.  31233.  33693.  33074.
  31588.  29800.  28155.  26971.  26494.  26031.  26360.  26037.  26199.  26221.
  26373.  26016.  25813.  25841.  26125.  25795.  26175.  26201.  26137.  25966.
  26131.  25863.  26148.  25960.  26035.  25936.  26168.  25922.  25887.  25937.
  26172.  26019.  26421.  25847.  25861.  26125.  26150.  25981.  26219.  25903.
  26200.  26165.  25900.  26163.  26198.  26197.  26565.  26325.  26651.  26573.
  27135.  27838.  30319.  37570.  54221.  71968.  75587.  61290.  43699.  33014.
  28672.  27104.  26710.  26484.  26358.  26373.  26349.  26223.  26704.  27781.
  30550.  34276.  35831.  34151.  30223.  27707.  26776.  25750.  25915.  26070.
  25849.  26071.  25993.  26041.  25867.  26060.  26036.  26283.  26141.  25817.
  25564.  26048.  25896.  25701.  25757.  25619.  25913.  25869.  25787.  25623.
  26306.  26638.  26883.  26691.  26221.  25904.  25738.  25688.  25916.  25918.
  25782.  26078.  25830.  26310.  26303.  26236.  26560.  26657.  26271.  26169.
  26064.  25726.  26015.  26303.  26658.  27059.  28953.  33293.  40466.  48381.
  51794.  48313.  40671.  33449.  29210.  27349.  26898.  26570.  26319.  25925.
  26401.  26794.  26501.  27442.  26897.  26591.  26769.  26339.  26133.  26374.
  26215.  26505.  26861.  28048.  30656.  32818.  34269.  34413.  33182.  30298.
  28315.  26734.  26284.  25615.  25383.  25409.  25052.  25077.  25543.  25703.
  26155.  26207.  26037.  25649.  26149.  26312.  26271.  26515.  27660.  28462.
  29784.  31387.  31897.  31886.  30935.  29702.  28610.  28803.  29708.  32699.
  41236.  57913.  79425.  99095. 112408. 115167. 105158.  84515.  61238.  43575.
  33706.  29714.  28380.  28077.  27523.  27639.  27642.  27476.  27739.  27367.
  26705.  26849.  25954.  26185.  26233.  25833.  25820.  26235.  26385.  25761.
  25862.  26090.  26121.  25910.  26138.  26223.  26624.  26930.  28481.  29867.
  31081.  32358.  32658.  32232.  30856.  29570.  28456.  26972.  26218.  26291.
  26247.  26001.  26608.  27041.  26746.  26754.  26520.  26303.  26054.  26302.
  26542.  26943.  27696.  28804.  30136.  30876.  31593.  31485.  31879.  30819.
  30342.  29327.  28970.  29891.  31688.  34826.  38163.  41127.  44123.  45075.
  45257.  43645.  41397.  38085.  34301.  31504.  30358.  30628.  31414.  32387.
  33888.  34371.  35055.  34741.  33745.  32398.  30844.  29243.  27710.  26822.
  26049.  25621.  25897.  25700.  25347.  25635.  25390.  25726.  25569.  25290.
  25555.  25500.  25736.  26067.  25995.  26180.  26003.  26296.  26226.  26556.
  26213.  26398.  25811.  25688.  26043.  26131.  25850.  26111.  26373.  26221.
  26214.  26846.  26607.  26767.  26944.  27064.  27465.  28466.  29325.  30913.
  32638.  33690.  35462.  36360.  37727.  37649.  37485.  37531.  36041.  34489.
  32562.  31081.  29513.  28019.  26965.  26576.  26222.  26367.  26007.  25965.
  26189.  26303.  26060.  26185.  25747.  25877.  25608.  25395.  25481.  25543.
  25506.  25050.  24970.  25181.  25106.  25217.  25537.  25179.  25369.  25236.
  25432.  25571.  24769.  25280.  25407.  25320.  25180.  25067.  25145.  25549.
  25734.  25541.  25557.  25775.  26302.  26449.  27023.  27740.  28021.  28599.
  29298.  29626.  30291.  30557.  31083.  31375.  31549.  31465.  31717.  31706.
  31501.  31588.  31813.  31826.  31845.  31892.  32002.  32283.  32481.  32909.
  33581.  33427.  33637.  33754.  33792.  33911.  33526.  33330.  32539.  32322.
  31820.  31310.  30685.  30279.  29510.  29273.  28978.  28940.  28851.  28558.
  28866.  28476.  28293.  28103.  28245.  28127.  27760.  27784.  27794.  27485.
  27363.  27566.  27096.  26862.  27117.  26674.  26400.  26550.  26518.  26613.
  26371.  26186.  26019.  26184.  25924.  25983.  26309.  26253.  26116.  26214.
  26095.  26035.  25753.  26399.  26329.  26184.  26271.  26153.  25997.        
  2465.4   765.4   563.5   479.9   419.7   381.8   342.8   315.1   307.5   284.4
   270.2   254.6   240.6   236.5   229.5   222.2   212.2   205.0   200.1   195.0
   189.1   185.2   181.3   177.1   172.5   169.6   166.3   161.9   158.8   156.2
   160.2   157.8   159.5   156.7   152.3   154.1   154.0   153.0   151.1   148.8
   148.4   146.9   149.3   148.4   151.3   147.5   149.5   150.7   151.7   151.2
   152.1   151.1   152.0   153.5   152.4   155.7   157.0   166.3   172.0   174.2
   170.8   163.2   160.2   154.9   155.7   154.8   154.4   151.4   154.8   154.1
   154.7   153.8   153.3   152.4   155.1   154.9   155.0   156.3   152.9   154.2
   154.9   156.6   156.8   155.0   153.3   155.6   157.5   155.2   158.0   153.3
   157.9   155.4   159.1   157.9   156.8   154.2   157.6   157.6   159.4   159.0
   156.1   157.1   156.9   160.4   159.3   160.8   156.4   159.2   161.7   161.2
   163.5   163.0   171.2   190.4   233.3   267.8   274.9   233.7   209.5   182.3
   171.7   164.6   162.2   159.8   161.8   163.0   163.6   162.9   160.1   165.8
   176.0   186.8   191.1   185.4   170.9   167.8   165.7   162.1   163.6   161.4
   160.4   164.4   162.6   165.4   165.3   158.6   163.2   167.1   164.6   165.1
   160.6   163.5   164.4   165.0   163.4   165.1   161.1   163.0   165.1   164.3
   167.6   165.2   165.6   168.0   167.0   166.3   167.3   160.1   163.5   164.5
   166.5   165.4   162.1   161.2   163.2   155.4   173.7   168.5   156.4   160.5
   161.2   161.6   163.5   164.4   161.8   168.5   175.7   190.4   211.7   224.0
   235.0   229.5   212.3   193.3   182.1   167.2   171.1   172.3   172.5   170.8
   167.0   169.8   171.8   176.2   173.7   174.2   167.9   171.2   171.4   173.5
   173.4   168.0   170.9   177.1   185.4   192.9   196.3   190.2   189.7   182.5
   179.5   173.1   168.5   163.6   163.8   165.5   166.1   168.1   162.0   166.5
   170.2   174.8   174.4   172.1   172.2   174.9   168.1   176.1   180.7   176.0
   182.2   191.4   192.5   194.1   190.9   176.8   180.7   183.9   186.8   197.0
   212.6   255.7   303.5   342.0   364.0   372.6   333.9   311.1   269.1   225.6
   200.5   182.2   179.3   180.5   181.0   181.2   184.0   172.4   176.7   178.4
   176.9   181.9   171.6   171.4   171.9   175.3   177.4   178.3   168.0   169.8
   172.3   177.4   177.1   172.1   166.5   171.8   177.2   178.1   183.5   176.1
   183.2   192.8   194.3   186.0   195.3   172.9   178.1   174.3   172.9   174.4
   163.0   164.7   170.3   173.4   174.3   171.8   161.9   168.1   169.5   169.9
   170.9   166.0   167.6   174.6   179.3   183.3   190.4   173.1   181.1   180.6
   180.6   181.3   173.9   168.6   178.3   190.6   205.5   214.3   203.0   210.3
   213.8   219.7   215.3   199.4   172.2   173.9   179.3   185.2   185.2   170.6
   177.9   186.4   199.8   193.8   193.3   156.9   175.4   178.3   174.2   170.5
   148.0   140.3   199.9   166.2   166.1   165.4   133.9   166.8   165.6   164.6
   164.7   136.4   164.9   166.1   167.9   166.6   155.5   141.5   167.8   167.6
   165.3   164.7   138.7   163.1   166.7   165.5   162.7   149.6   147.8   165.5
   164.8   168.6   155.6   145.0   167.6   169.2   166.8   161.9   161.8   159.5
   182.9   184.6   181.8   181.6   177.5   183.5   193.3   182.8   176.9   169.6
   158.2   171.0   162.4   156.0   152.4   148.8   150.7   156.3   154.3   152.2
   154.9   147.8   159.1   156.4   155.5   155.9   151.4   148.9   154.7   155.0
   154.4   152.7   141.9   156.1   154.5   155.1   154.2   150.5   145.7   155.9
   155.2   155.7   149.9   144.3   155.1   155.7   154.9   152.2   148.8   148.3
   157.3   156.1   154.0   152.3   150.6   154.7   160.5   161.5   159.3   163.1
   156.7   169.7   168.6   167.3   169.3   164.2   168.9   173.6   171.5   170.8
   169.3   164.7   173.4   173.4   171.6   171.6   169.2   168.4   167.4   183.6
   187.3   173.4   168.4   177.4   178.7   177.8   174.9   173.3   165.5   174.7
   172.5   169.7   167.3   161.3   164.4   164.7   164.7   161.8   160.0   156.0
   165.2   163.4   161.3   159.1   156.9   158.8   161.4   159.2   160.5   157.0
   152.9   161.8   158.3   156.5   157.4   154.2   153.0   157.8   156.5   155.8
   154.5   148.9   156.9   156.3   155.3   154.5   153.1   152.4   157.1   156.9
   155.7   152.9   148.9   158.0   159.5   160.3   158.3   168.8   377.8     nan
 Filelist='dmc:2022:578'
 a4=0.0. 132.0.; Counts=24769 115167; Numor=578; Npkt=529; owner=''
  a1=21.43; a2=42.85; a3=6.00; mcv=18.20; mtx=0.00; mty=0.00; mgu=0.438; mgl=0.000; 
  time=298.8000 298.8000; sMon=   0.    0.; bMon=  0.   0.; aMon=0
  pMon=      1.       1.; muR=0.; Preset='timer'
  calibration='dmc2021n000581'
