# DMC at SINQ, PSI: Sample name = Unknown, wavelength = 2.450 AA, T = 0.0 K
# Filelist='dmc:2022:582'
#   0.000   0.125 132.000     142., sample="Unknown"
0.000000000000000000e+00  0.000000000000000000e+00  0.000000000000000000e+00
1.250000000000000000e-01  0.000000000000000000e+00  0.000000000000000000e+00
2.500000000000000000e-01  0.000000000000000000e+00  0.000000000000000000e+00
3.750000000000000000e-01  0.000000000000000000e+00  0.000000000000000000e+00
5.000000000000000000e-01  0.000000000000000000e+00  0.000000000000000000e+00
6.250000000000000000e-01  0.000000000000000000e+00  0.000000000000000000e+00
7.500000000000000000e-01  0.000000000000000000e+00  0.000000000000000000e+00
8.750000000000000000e-01  0.000000000000000000e+00  0.000000000000000000e+00
1.000000000000000000e+00  0.000000000000000000e+00  0.000000000000000000e+00
1.125000000000000000e+00  0.000000000000000000e+00  0.000000000000000000e+00
1.250000000000000000e+00  0.000000000000000000e+00  0.000000000000000000e+00
1.375000000000000000e+00  0.000000000000000000e+00  0.000000000000000000e+00
1.500000000000000000e+00  0.000000000000000000e+00  0.000000000000000000e+00
1.625000000000000000e+00  0.000000000000000000e+00  0.000000000000000000e+00
1.750000000000000000e+00  0.000000000000000000e+00  0.000000000000000000e+00
1.875000000000000000e+00  0.000000000000000000e+00  0.000000000000000000e+00
2.000000000000000000e+00  0.000000000000000000e+00  0.000000000000000000e+00
2.125000000000000000e+00  0.000000000000000000e+00  0.000000000000000000e+00
2.250000000000000000e+00  0.000000000000000000e+00  0.000000000000000000e+00
2.375000000000000000e+00  0.000000000000000000e+00  0.000000000000000000e+00
2.500000000000000000e+00  0.000000000000000000e+00  0.000000000000000000e+00
2.625000000000000000e+00  0.000000000000000000e+00  0.000000000000000000e+00
2.750000000000000000e+00  0.000000000000000000e+00  0.000000000000000000e+00
2.875000000000000000e+00  0.000000000000000000e+00  0.000000000000000000e+00
3.000000000000000000e+00  0.000000000000000000e+00  0.000000000000000000e+00
3.125000000000000000e+00  0.000000000000000000e+00  0.000000000000000000e+00
3.250000000000000000e+00  0.000000000000000000e+00  0.000000000000000000e+00
3.375000000000000000e+00  0.000000000000000000e+00  0.000000000000000000e+00
3.500000000000000000e+00  0.000000000000000000e+00  0.000000000000000000e+00
3.625000000000000000e+00  0.000000000000000000e+00  0.000000000000000000e+00
3.750000000000000000e+00  0.000000000000000000e+00  0.000000000000000000e+00
3.875000000000000000e+00  0.000000000000000000e+00  0.000000000000000000e+00
4.000000000000000000e+00  0.000000000000000000e+00  0.000000000000000000e+00
4.125000000000000000e+00  0.000000000000000000e+00  0.000000000000000000e+00
4.250000000000000000e+00  0.000000000000000000e+00  0.000000000000000000e+00
4.375000000000000000e+00  0.000000000000000000e+00  0.000000000000000000e+00
4.500000000000000000e+00  0.000000000000000000e+00  0.000000000000000000e+00
4.625000000000000000e+00  0.000000000000000000e+00  0.000000000000000000e+00
4.750000000000000000e+00  0.000000000000000000e+00  0.000000000000000000e+00
4.875000000000000000e+00  0.000000000000000000e+00  0.000000000000000000e+00
5.000000000000000000e+00  0.000000000000000000e+00  0.000000000000000000e+00
5.125000000000000000e+00  0.000000000000000000e+00  0.000000000000000000e+00
5.250000000000000000e+00  0.000000000000000000e+00  0.000000000000000000e+00
5.375000000000000000e+00  0.000000000000000000e+00  0.000000000000000000e+00
5.500000000000000000e+00  0.000000000000000000e+00  0.000000000000000000e+00
5.625000000000000000e+00  0.000000000000000000e+00  0.000000000000000000e+00
5.750000000000000000e+00  0.000000000000000000e+00  0.000000000000000000e+00
5.875000000000000000e+00  0.000000000000000000e+00  0.000000000000000000e+00
6.000000000000000000e+00  0.000000000000000000e+00  0.000000000000000000e+00
6.125000000000000000e+00  0.000000000000000000e+00  0.000000000000000000e+00
6.250000000000000000e+00  0.000000000000000000e+00  0.000000000000000000e+00
6.375000000000000000e+00  0.000000000000000000e+00  0.000000000000000000e+00
6.500000000000000000e+00  0.000000000000000000e+00  0.000000000000000000e+00
6.625000000000000000e+00  0.000000000000000000e+00  0.000000000000000000e+00
6.750000000000000000e+00  0.000000000000000000e+00  0.000000000000000000e+00
6.875000000000000000e+00  0.000000000000000000e+00  0.000000000000000000e+00
7.000000000000000000e+00  0.000000000000000000e+00  0.000000000000000000e+00
7.125000000000000000e+00  0.000000000000000000e+00  0.000000000000000000e+00
7.250000000000000000e+00  0.000000000000000000e+00  0.000000000000000000e+00
7.375000000000000000e+00  0.000000000000000000e+00  0.000000000000000000e+00
7.500000000000000000e+00  0.000000000000000000e+00  0.000000000000000000e+00
7.625000000000000000e+00  0.000000000000000000e+00  0.000000000000000000e+00
7.750000000000000000e+00  0.000000000000000000e+00  0.000000000000000000e+00
7.875000000000000000e+00  0.000000000000000000e+00  0.000000000000000000e+00
8.000000000000000000e+00  0.000000000000000000e+00  0.000000000000000000e+00
8.125000000000000000e+00  0.000000000000000000e+00  0.000000000000000000e+00
8.250000000000000000e+00  0.000000000000000000e+00  0.000000000000000000e+00
8.375000000000000000e+00  0.000000000000000000e+00  0.000000000000000000e+00
8.500000000000000000e+00  0.000000000000000000e+00  0.000000000000000000e+00
8.625000000000000000e+00  0.000000000000000000e+00  0.000000000000000000e+00
8.750000000000000000e+00  0.000000000000000000e+00  0.000000000000000000e+00
8.875000000000000000e+00  0.000000000000000000e+00  0.000000000000000000e+00
9.000000000000000000e+00  0.000000000000000000e+00  0.000000000000000000e+00
9.125000000000000000e+00  0.000000000000000000e+00  0.000000000000000000e+00
9.250000000000000000e+00  0.000000000000000000e+00  0.000000000000000000e+00
9.375000000000000000e+00  0.000000000000000000e+00  0.000000000000000000e+00
9.500000000000000000e+00  0.000000000000000000e+00  0.000000000000000000e+00
9.625000000000000000e+00  0.000000000000000000e+00  0.000000000000000000e+00
9.750000000000000000e+00  0.000000000000000000e+00  0.000000000000000000e+00
9.875000000000000000e+00  0.000000000000000000e+00  0.000000000000000000e+00
1.000000000000000000e+01  0.000000000000000000e+00  0.000000000000000000e+00
1.012500000000000000e+01  0.000000000000000000e+00  0.000000000000000000e+00
1.025000000000000000e+01  0.000000000000000000e+00  0.000000000000000000e+00
1.037500000000000000e+01  0.000000000000000000e+00  0.000000000000000000e+00
1.050000000000000000e+01  0.000000000000000000e+00  0.000000000000000000e+00
1.062500000000000000e+01  0.000000000000000000e+00  0.000000000000000000e+00
1.075000000000000000e+01  0.000000000000000000e+00  0.000000000000000000e+00
1.087500000000000000e+01  0.000000000000000000e+00  0.000000000000000000e+00
1.100000000000000000e+01  0.000000000000000000e+00  0.000000000000000000e+00
1.112500000000000000e+01  0.000000000000000000e+00  0.000000000000000000e+00
1.125000000000000000e+01  0.000000000000000000e+00  0.000000000000000000e+00
1.137500000000000000e+01  0.000000000000000000e+00  0.000000000000000000e+00
1.150000000000000000e+01  0.000000000000000000e+00  0.000000000000000000e+00
1.162500000000000000e+01  0.000000000000000000e+00  0.000000000000000000e+00
1.175000000000000000e+01  0.000000000000000000e+00  0.000000000000000000e+00
1.187500000000000000e+01  0.000000000000000000e+00  0.000000000000000000e+00
1.200000000000000000e+01  0.000000000000000000e+00  0.000000000000000000e+00
1.212500000000000000e+01  0.000000000000000000e+00  0.000000000000000000e+00
1.225000000000000000e+01  0.000000000000000000e+00  0.000000000000000000e+00
1.237500000000000000e+01  0.000000000000000000e+00  0.000000000000000000e+00
1.250000000000000000e+01  0.000000000000000000e+00  0.000000000000000000e+00
1.262500000000000000e+01  0.000000000000000000e+00  0.000000000000000000e+00
1.275000000000000000e+01  0.000000000000000000e+00  0.000000000000000000e+00
1.287500000000000000e+01  0.000000000000000000e+00  0.000000000000000000e+00
1.300000000000000000e+01  0.000000000000000000e+00  0.000000000000000000e+00
1.312500000000000000e+01  0.000000000000000000e+00  0.000000000000000000e+00
1.325000000000000000e+01  0.000000000000000000e+00  0.000000000000000000e+00
1.337500000000000000e+01  0.000000000000000000e+00  0.000000000000000000e+00
1.350000000000000000e+01  0.000000000000000000e+00  0.000000000000000000e+00
1.362500000000000000e+01  0.000000000000000000e+00  0.000000000000000000e+00
1.375000000000000000e+01  0.000000000000000000e+00  0.000000000000000000e+00
1.387500000000000000e+01  0.000000000000000000e+00  0.000000000000000000e+00
1.400000000000000000e+01  0.000000000000000000e+00  0.000000000000000000e+00
1.412500000000000000e+01  0.000000000000000000e+00  0.000000000000000000e+00
1.425000000000000000e+01  0.000000000000000000e+00  0.000000000000000000e+00
1.437500000000000000e+01  0.000000000000000000e+00  0.000000000000000000e+00
1.450000000000000000e+01  0.000000000000000000e+00  0.000000000000000000e+00
1.462500000000000000e+01  0.000000000000000000e+00  0.000000000000000000e+00
1.475000000000000000e+01  0.000000000000000000e+00  0.000000000000000000e+00
1.487500000000000000e+01  0.000000000000000000e+00  0.000000000000000000e+00
1.500000000000000000e+01  0.000000000000000000e+00  0.000000000000000000e+00
1.512500000000000000e+01  0.000000000000000000e+00  0.000000000000000000e+00
1.525000000000000000e+01  0.000000000000000000e+00  0.000000000000000000e+00
1.537500000000000000e+01  0.000000000000000000e+00  0.000000000000000000e+00
1.550000000000000000e+01  0.000000000000000000e+00  0.000000000000000000e+00
1.562500000000000000e+01  0.000000000000000000e+00  0.000000000000000000e+00
1.575000000000000000e+01  0.000000000000000000e+00  0.000000000000000000e+00
1.587500000000000000e+01  0.000000000000000000e+00  0.000000000000000000e+00
1.600000000000000000e+01  0.000000000000000000e+00  0.000000000000000000e+00
1.612500000000000000e+01  0.000000000000000000e+00  0.000000000000000000e+00
1.625000000000000000e+01  0.000000000000000000e+00  0.000000000000000000e+00
1.637500000000000000e+01  0.000000000000000000e+00  0.000000000000000000e+00
1.650000000000000000e+01  0.000000000000000000e+00  0.000000000000000000e+00
1.662500000000000000e+01  0.000000000000000000e+00  0.000000000000000000e+00
1.675000000000000000e+01  0.000000000000000000e+00  0.000000000000000000e+00
1.687500000000000000e+01  0.000000000000000000e+00  0.000000000000000000e+00
1.700000000000000000e+01  0.000000000000000000e+00  0.000000000000000000e+00
1.712500000000000000e+01  0.000000000000000000e+00  0.000000000000000000e+00
1.725000000000000000e+01  0.000000000000000000e+00  0.000000000000000000e+00
1.737500000000000000e+01  0.000000000000000000e+00  0.000000000000000000e+00
1.750000000000000000e+01  0.000000000000000000e+00  0.000000000000000000e+00
1.762500000000000000e+01  0.000000000000000000e+00  0.000000000000000000e+00
1.775000000000000000e+01  0.000000000000000000e+00  0.000000000000000000e+00
1.787500000000000000e+01  0.000000000000000000e+00  0.000000000000000000e+00
1.800000000000000000e+01  0.000000000000000000e+00  0.000000000000000000e+00
1.812500000000000000e+01  0.000000000000000000e+00  0.000000000000000000e+00
1.825000000000000000e+01  0.000000000000000000e+00  0.000000000000000000e+00
1.837500000000000000e+01  0.000000000000000000e+00  0.000000000000000000e+00
1.850000000000000000e+01  0.000000000000000000e+00  0.000000000000000000e+00
1.862500000000000000e+01  0.000000000000000000e+00  0.000000000000000000e+00
1.875000000000000000e+01  0.000000000000000000e+00  0.000000000000000000e+00
1.887500000000000000e+01  0.000000000000000000e+00  0.000000000000000000e+00
1.900000000000000000e+01  0.000000000000000000e+00  0.000000000000000000e+00
1.912500000000000000e+01  0.000000000000000000e+00  0.000000000000000000e+00
1.925000000000000000e+01  0.000000000000000000e+00  0.000000000000000000e+00
1.937500000000000000e+01  0.000000000000000000e+00  0.000000000000000000e+00
1.950000000000000000e+01  0.000000000000000000e+00  0.000000000000000000e+00
1.962500000000000000e+01  0.000000000000000000e+00  0.000000000000000000e+00
1.975000000000000000e+01  0.000000000000000000e+00  0.000000000000000000e+00
1.987500000000000000e+01  0.000000000000000000e+00  0.000000000000000000e+00
2.000000000000000000e+01  0.000000000000000000e+00  0.000000000000000000e+00
2.012500000000000000e+01  0.000000000000000000e+00  0.000000000000000000e+00
2.025000000000000000e+01  0.000000000000000000e+00  0.000000000000000000e+00
2.037500000000000000e+01  0.000000000000000000e+00  0.000000000000000000e+00
2.050000000000000000e+01  0.000000000000000000e+00  0.000000000000000000e+00
2.062500000000000000e+01  0.000000000000000000e+00  0.000000000000000000e+00
2.075000000000000000e+01  0.000000000000000000e+00  0.000000000000000000e+00
2.087500000000000000e+01  0.000000000000000000e+00  0.000000000000000000e+00
2.100000000000000000e+01  0.000000000000000000e+00  0.000000000000000000e+00
2.112500000000000000e+01  0.000000000000000000e+00  0.000000000000000000e+00
2.125000000000000000e+01  0.000000000000000000e+00  0.000000000000000000e+00
2.137500000000000000e+01  0.000000000000000000e+00  0.000000000000000000e+00
2.150000000000000000e+01  0.000000000000000000e+00  0.000000000000000000e+00
2.162500000000000000e+01  0.000000000000000000e+00  0.000000000000000000e+00
2.175000000000000000e+01  0.000000000000000000e+00  0.000000000000000000e+00
2.187500000000000000e+01  0.000000000000000000e+00  0.000000000000000000e+00
2.200000000000000000e+01  0.000000000000000000e+00  0.000000000000000000e+00
2.212500000000000000e+01  0.000000000000000000e+00  0.000000000000000000e+00
2.225000000000000000e+01  0.000000000000000000e+00  0.000000000000000000e+00
2.237500000000000000e+01  0.000000000000000000e+00  0.000000000000000000e+00
2.250000000000000000e+01  0.000000000000000000e+00  0.000000000000000000e+00
2.262500000000000000e+01  0.000000000000000000e+00  0.000000000000000000e+00
2.275000000000000000e+01  0.000000000000000000e+00  0.000000000000000000e+00
2.287500000000000000e+01  0.000000000000000000e+00  0.000000000000000000e+00
2.300000000000000000e+01  0.000000000000000000e+00  0.000000000000000000e+00
2.312500000000000000e+01  0.000000000000000000e+00  0.000000000000000000e+00
2.325000000000000000e+01  0.000000000000000000e+00  0.000000000000000000e+00
2.337500000000000000e+01  0.000000000000000000e+00  0.000000000000000000e+00
2.350000000000000000e+01  0.000000000000000000e+00  0.000000000000000000e+00
2.362500000000000000e+01  0.000000000000000000e+00  0.000000000000000000e+00
2.375000000000000000e+01  0.000000000000000000e+00  0.000000000000000000e+00
2.387500000000000000e+01  0.000000000000000000e+00  0.000000000000000000e+00
2.400000000000000000e+01  0.000000000000000000e+00  0.000000000000000000e+00
2.412500000000000000e+01  0.000000000000000000e+00  0.000000000000000000e+00
2.425000000000000000e+01  0.000000000000000000e+00  0.000000000000000000e+00
2.437500000000000000e+01  0.000000000000000000e+00  0.000000000000000000e+00
2.450000000000000000e+01  0.000000000000000000e+00  0.000000000000000000e+00
2.462500000000000000e+01  0.000000000000000000e+00  0.000000000000000000e+00
2.475000000000000000e+01  0.000000000000000000e+00  0.000000000000000000e+00
2.487500000000000000e+01  0.000000000000000000e+00  0.000000000000000000e+00
2.500000000000000000e+01  0.000000000000000000e+00  0.000000000000000000e+00
2.512500000000000000e+01  0.000000000000000000e+00  0.000000000000000000e+00
2.525000000000000000e+01  0.000000000000000000e+00  0.000000000000000000e+00
2.537500000000000000e+01  0.000000000000000000e+00  0.000000000000000000e+00
2.550000000000000000e+01  0.000000000000000000e+00  0.000000000000000000e+00
2.562500000000000000e+01  0.000000000000000000e+00  0.000000000000000000e+00
2.575000000000000000e+01  0.000000000000000000e+00  0.000000000000000000e+00
2.587500000000000000e+01  0.000000000000000000e+00  0.000000000000000000e+00
2.600000000000000000e+01  0.000000000000000000e+00  0.000000000000000000e+00
2.612500000000000000e+01  0.000000000000000000e+00  0.000000000000000000e+00
2.625000000000000000e+01  0.000000000000000000e+00  0.000000000000000000e+00
2.637500000000000000e+01  0.000000000000000000e+00  0.000000000000000000e+00
2.650000000000000000e+01  0.000000000000000000e+00  0.000000000000000000e+00
2.662500000000000000e+01  0.000000000000000000e+00  0.000000000000000000e+00
2.675000000000000000e+01  0.000000000000000000e+00  0.000000000000000000e+00
2.687500000000000000e+01  0.000000000000000000e+00  0.000000000000000000e+00
2.700000000000000000e+01  0.000000000000000000e+00  0.000000000000000000e+00
2.712500000000000000e+01  0.000000000000000000e+00  0.000000000000000000e+00
2.725000000000000000e+01  0.000000000000000000e+00  0.000000000000000000e+00
2.737500000000000000e+01  0.000000000000000000e+00  0.000000000000000000e+00
2.750000000000000000e+01  0.000000000000000000e+00  0.000000000000000000e+00
2.762500000000000000e+01  0.000000000000000000e+00  0.000000000000000000e+00
2.775000000000000000e+01  0.000000000000000000e+00  0.000000000000000000e+00
2.787500000000000000e+01  0.000000000000000000e+00  0.000000000000000000e+00
2.800000000000000000e+01  0.000000000000000000e+00  0.000000000000000000e+00
2.812500000000000000e+01  0.000000000000000000e+00  0.000000000000000000e+00
2.825000000000000000e+01  0.000000000000000000e+00  0.000000000000000000e+00
2.837500000000000000e+01  0.000000000000000000e+00  0.000000000000000000e+00
2.850000000000000000e+01  0.000000000000000000e+00  0.000000000000000000e+00
2.862500000000000000e+01  0.000000000000000000e+00  0.000000000000000000e+00
2.875000000000000000e+01  0.000000000000000000e+00  0.000000000000000000e+00
2.887500000000000000e+01  0.000000000000000000e+00  0.000000000000000000e+00
2.900000000000000000e+01  0.000000000000000000e+00  0.000000000000000000e+00
2.912500000000000000e+01  0.000000000000000000e+00  0.000000000000000000e+00
2.925000000000000000e+01  0.000000000000000000e+00  0.000000000000000000e+00
2.937500000000000000e+01  0.000000000000000000e+00  0.000000000000000000e+00
2.950000000000000000e+01  0.000000000000000000e+00  0.000000000000000000e+00
2.962500000000000000e+01  0.000000000000000000e+00  0.000000000000000000e+00
2.975000000000000000e+01  0.000000000000000000e+00  0.000000000000000000e+00
2.987500000000000000e+01  0.000000000000000000e+00  0.000000000000000000e+00
3.000000000000000000e+01  0.000000000000000000e+00  0.000000000000000000e+00
3.012500000000000000e+01  0.000000000000000000e+00  0.000000000000000000e+00
3.025000000000000000e+01  0.000000000000000000e+00  0.000000000000000000e+00
3.037500000000000000e+01  0.000000000000000000e+00  0.000000000000000000e+00
3.050000000000000000e+01  0.000000000000000000e+00  0.000000000000000000e+00
3.062500000000000000e+01  0.000000000000000000e+00  0.000000000000000000e+00
3.075000000000000000e+01  0.000000000000000000e+00  0.000000000000000000e+00
3.087500000000000000e+01  0.000000000000000000e+00  0.000000000000000000e+00
3.100000000000000000e+01  0.000000000000000000e+00  0.000000000000000000e+00
3.112500000000000000e+01  0.000000000000000000e+00  0.000000000000000000e+00
3.125000000000000000e+01  0.000000000000000000e+00  0.000000000000000000e+00
3.137500000000000000e+01  0.000000000000000000e+00  0.000000000000000000e+00
3.150000000000000000e+01  0.000000000000000000e+00  0.000000000000000000e+00
3.162500000000000000e+01  0.000000000000000000e+00  0.000000000000000000e+00
3.175000000000000000e+01  0.000000000000000000e+00  0.000000000000000000e+00
3.187500000000000000e+01  0.000000000000000000e+00  0.000000000000000000e+00
3.200000000000000000e+01  0.000000000000000000e+00  0.000000000000000000e+00
3.212500000000000000e+01  0.000000000000000000e+00  0.000000000000000000e+00
3.225000000000000000e+01  0.000000000000000000e+00  0.000000000000000000e+00
3.237500000000000000e+01  0.000000000000000000e+00  0.000000000000000000e+00
3.250000000000000000e+01  0.000000000000000000e+00  0.000000000000000000e+00
3.262500000000000000e+01  0.000000000000000000e+00  0.000000000000000000e+00
3.275000000000000000e+01  0.000000000000000000e+00  0.000000000000000000e+00
3.287500000000000000e+01  0.000000000000000000e+00  0.000000000000000000e+00
3.300000000000000000e+01  0.000000000000000000e+00  0.000000000000000000e+00
3.312500000000000000e+01  0.000000000000000000e+00  0.000000000000000000e+00
3.325000000000000000e+01  0.000000000000000000e+00  0.000000000000000000e+00
3.337500000000000000e+01  0.000000000000000000e+00  0.000000000000000000e+00
3.350000000000000000e+01  0.000000000000000000e+00  0.000000000000000000e+00
3.362500000000000000e+01  0.000000000000000000e+00  0.000000000000000000e+00
3.375000000000000000e+01  0.000000000000000000e+00  0.000000000000000000e+00
3.387500000000000000e+01  0.000000000000000000e+00  0.000000000000000000e+00
3.400000000000000000e+01  0.000000000000000000e+00  0.000000000000000000e+00
3.412500000000000000e+01  0.000000000000000000e+00  0.000000000000000000e+00
3.425000000000000000e+01  0.000000000000000000e+00  0.000000000000000000e+00
3.437500000000000000e+01  0.000000000000000000e+00  0.000000000000000000e+00
3.450000000000000000e+01  0.000000000000000000e+00  0.000000000000000000e+00
3.462500000000000000e+01  0.000000000000000000e+00  0.000000000000000000e+00
3.475000000000000000e+01  0.000000000000000000e+00  0.000000000000000000e+00
3.487500000000000000e+01  0.000000000000000000e+00  0.000000000000000000e+00
3.500000000000000000e+01  0.000000000000000000e+00  0.000000000000000000e+00
3.512500000000000000e+01  0.000000000000000000e+00  0.000000000000000000e+00
3.525000000000000000e+01  0.000000000000000000e+00  0.000000000000000000e+00
3.537500000000000000e+01  0.000000000000000000e+00  0.000000000000000000e+00
3.550000000000000000e+01  0.000000000000000000e+00  0.000000000000000000e+00
3.562500000000000000e+01  0.000000000000000000e+00  0.000000000000000000e+00
3.575000000000000000e+01  0.000000000000000000e+00  0.000000000000000000e+00
3.587500000000000000e+01  0.000000000000000000e+00  0.000000000000000000e+00
3.600000000000000000e+01  0.000000000000000000e+00  0.000000000000000000e+00
3.612500000000000000e+01  0.000000000000000000e+00  0.000000000000000000e+00
3.625000000000000000e+01  0.000000000000000000e+00  0.000000000000000000e+00
3.637500000000000000e+01  0.000000000000000000e+00  0.000000000000000000e+00
3.650000000000000000e+01  0.000000000000000000e+00  0.000000000000000000e+00
3.662500000000000000e+01  0.000000000000000000e+00  0.000000000000000000e+00
3.675000000000000000e+01  0.000000000000000000e+00  0.000000000000000000e+00
3.687500000000000000e+01  0.000000000000000000e+00  0.000000000000000000e+00
3.700000000000000000e+01  0.000000000000000000e+00  0.000000000000000000e+00
3.712500000000000000e+01  0.000000000000000000e+00  0.000000000000000000e+00
3.725000000000000000e+01  0.000000000000000000e+00  0.000000000000000000e+00
3.737500000000000000e+01  0.000000000000000000e+00  0.000000000000000000e+00
3.750000000000000000e+01  0.000000000000000000e+00  0.000000000000000000e+00
3.762500000000000000e+01  0.000000000000000000e+00  0.000000000000000000e+00
3.775000000000000000e+01  0.000000000000000000e+00  0.000000000000000000e+00
3.787500000000000000e+01  0.000000000000000000e+00  0.000000000000000000e+00
3.800000000000000000e+01  0.000000000000000000e+00  0.000000000000000000e+00
3.812500000000000000e+01  0.000000000000000000e+00  0.000000000000000000e+00
3.825000000000000000e+01  0.000000000000000000e+00  0.000000000000000000e+00
3.837500000000000000e+01  0.000000000000000000e+00  0.000000000000000000e+00
3.850000000000000000e+01  0.000000000000000000e+00  0.000000000000000000e+00
3.862500000000000000e+01  0.000000000000000000e+00  0.000000000000000000e+00
3.875000000000000000e+01  0.000000000000000000e+00  0.000000000000000000e+00
3.887500000000000000e+01  0.000000000000000000e+00  0.000000000000000000e+00
3.900000000000000000e+01  0.000000000000000000e+00  0.000000000000000000e+00
3.912500000000000000e+01  0.000000000000000000e+00  0.000000000000000000e+00
3.925000000000000000e+01  0.000000000000000000e+00  0.000000000000000000e+00
3.937500000000000000e+01  0.000000000000000000e+00  0.000000000000000000e+00
3.950000000000000000e+01  0.000000000000000000e+00  0.000000000000000000e+00
3.962500000000000000e+01  0.000000000000000000e+00  0.000000000000000000e+00
3.975000000000000000e+01  0.000000000000000000e+00  0.000000000000000000e+00
3.987500000000000000e+01  0.000000000000000000e+00  0.000000000000000000e+00
4.000000000000000000e+01  0.000000000000000000e+00  0.000000000000000000e+00
4.012500000000000000e+01  0.000000000000000000e+00  0.000000000000000000e+00
4.025000000000000000e+01  0.000000000000000000e+00  0.000000000000000000e+00
4.037500000000000000e+01  0.000000000000000000e+00  0.000000000000000000e+00
4.050000000000000000e+01  0.000000000000000000e+00  0.000000000000000000e+00
4.062500000000000000e+01  0.000000000000000000e+00  0.000000000000000000e+00
4.075000000000000000e+01  0.000000000000000000e+00  0.000000000000000000e+00
4.087500000000000000e+01  0.000000000000000000e+00  0.000000000000000000e+00
4.100000000000000000e+01  0.000000000000000000e+00  0.000000000000000000e+00
4.112500000000000000e+01  0.000000000000000000e+00  0.000000000000000000e+00
4.125000000000000000e+01  0.000000000000000000e+00  0.000000000000000000e+00
4.137500000000000000e+01  0.000000000000000000e+00  0.000000000000000000e+00
4.150000000000000000e+01  0.000000000000000000e+00  0.000000000000000000e+00
4.162500000000000000e+01  0.000000000000000000e+00  0.000000000000000000e+00
4.175000000000000000e+01  0.000000000000000000e+00  0.000000000000000000e+00
4.187500000000000000e+01  0.000000000000000000e+00  0.000000000000000000e+00
4.200000000000000000e+01  0.000000000000000000e+00  0.000000000000000000e+00
4.212500000000000000e+01  0.000000000000000000e+00  0.000000000000000000e+00
4.225000000000000000e+01  0.000000000000000000e+00  0.000000000000000000e+00
4.237500000000000000e+01  0.000000000000000000e+00  0.000000000000000000e+00
4.250000000000000000e+01  0.000000000000000000e+00  0.000000000000000000e+00
4.262500000000000000e+01  0.000000000000000000e+00  0.000000000000000000e+00
4.275000000000000000e+01  0.000000000000000000e+00  0.000000000000000000e+00
4.287500000000000000e+01  0.000000000000000000e+00  0.000000000000000000e+00
4.300000000000000000e+01  0.000000000000000000e+00  0.000000000000000000e+00
4.312500000000000000e+01  0.000000000000000000e+00  0.000000000000000000e+00
4.325000000000000000e+01  0.000000000000000000e+00  0.000000000000000000e+00
4.337500000000000000e+01  0.000000000000000000e+00  0.000000000000000000e+00
4.350000000000000000e+01  0.000000000000000000e+00  0.000000000000000000e+00
4.362500000000000000e+01  0.000000000000000000e+00  0.000000000000000000e+00
4.375000000000000000e+01  0.000000000000000000e+00  0.000000000000000000e+00
4.387500000000000000e+01  0.000000000000000000e+00  0.000000000000000000e+00
4.400000000000000000e+01  0.000000000000000000e+00  0.000000000000000000e+00
4.412500000000000000e+01  0.000000000000000000e+00  0.000000000000000000e+00
4.425000000000000000e+01  0.000000000000000000e+00  0.000000000000000000e+00
4.437500000000000000e+01  0.000000000000000000e+00  0.000000000000000000e+00
4.450000000000000000e+01  0.000000000000000000e+00  0.000000000000000000e+00
4.462500000000000000e+01  0.000000000000000000e+00  0.000000000000000000e+00
4.475000000000000000e+01  0.000000000000000000e+00  0.000000000000000000e+00
4.487500000000000000e+01  0.000000000000000000e+00  0.000000000000000000e+00
4.500000000000000000e+01  0.000000000000000000e+00  0.000000000000000000e+00
4.512500000000000000e+01  0.000000000000000000e+00  0.000000000000000000e+00
4.525000000000000000e+01  0.000000000000000000e+00  0.000000000000000000e+00
4.537500000000000000e+01  0.000000000000000000e+00  0.000000000000000000e+00
4.550000000000000000e+01  0.000000000000000000e+00  0.000000000000000000e+00
4.562500000000000000e+01  0.000000000000000000e+00  0.000000000000000000e+00
4.575000000000000000e+01  0.000000000000000000e+00  0.000000000000000000e+00
4.587500000000000000e+01  0.000000000000000000e+00  0.000000000000000000e+00
4.600000000000000000e+01  0.000000000000000000e+00  0.000000000000000000e+00
4.612500000000000000e+01  0.000000000000000000e+00  0.000000000000000000e+00
4.625000000000000000e+01  0.000000000000000000e+00  0.000000000000000000e+00
4.637500000000000000e+01  0.000000000000000000e+00  0.000000000000000000e+00
4.650000000000000000e+01  0.000000000000000000e+00  0.000000000000000000e+00
4.662500000000000000e+01  0.000000000000000000e+00  0.000000000000000000e+00
4.675000000000000000e+01  0.000000000000000000e+00  0.000000000000000000e+00
4.687500000000000000e+01  0.000000000000000000e+00  0.000000000000000000e+00
4.700000000000000000e+01  0.000000000000000000e+00  0.000000000000000000e+00
4.712500000000000000e+01  0.000000000000000000e+00  0.000000000000000000e+00
4.725000000000000000e+01  0.000000000000000000e+00  0.000000000000000000e+00
4.737500000000000000e+01  0.000000000000000000e+00  0.000000000000000000e+00
4.750000000000000000e+01  0.000000000000000000e+00  0.000000000000000000e+00
4.762500000000000000e+01  0.000000000000000000e+00  0.000000000000000000e+00
4.775000000000000000e+01  0.000000000000000000e+00  0.000000000000000000e+00
4.787500000000000000e+01  0.000000000000000000e+00  0.000000000000000000e+00
4.800000000000000000e+01  0.000000000000000000e+00  0.000000000000000000e+00
4.812500000000000000e+01  0.000000000000000000e+00  0.000000000000000000e+00
4.825000000000000000e+01  0.000000000000000000e+00  0.000000000000000000e+00
4.837500000000000000e+01  0.000000000000000000e+00  0.000000000000000000e+00
4.850000000000000000e+01  0.000000000000000000e+00  0.000000000000000000e+00
4.862500000000000000e+01  0.000000000000000000e+00  0.000000000000000000e+00
4.875000000000000000e+01  0.000000000000000000e+00  0.000000000000000000e+00
4.887500000000000000e+01  0.000000000000000000e+00  0.000000000000000000e+00
4.900000000000000000e+01  0.000000000000000000e+00  0.000000000000000000e+00
4.912500000000000000e+01  0.000000000000000000e+00  0.000000000000000000e+00
4.925000000000000000e+01  0.000000000000000000e+00  0.000000000000000000e+00
4.937500000000000000e+01  0.000000000000000000e+00  0.000000000000000000e+00
4.950000000000000000e+01  0.000000000000000000e+00  0.000000000000000000e+00
4.962500000000000000e+01  0.000000000000000000e+00  0.000000000000000000e+00
4.975000000000000000e+01  0.000000000000000000e+00  0.000000000000000000e+00
4.987500000000000000e+01  0.000000000000000000e+00  0.000000000000000000e+00
5.000000000000000000e+01  0.000000000000000000e+00  0.000000000000000000e+00
5.012500000000000000e+01  0.000000000000000000e+00  0.000000000000000000e+00
5.025000000000000000e+01  0.000000000000000000e+00  0.000000000000000000e+00
5.037500000000000000e+01  0.000000000000000000e+00  0.000000000000000000e+00
5.050000000000000000e+01  0.000000000000000000e+00  0.000000000000000000e+00
5.062500000000000000e+01  0.000000000000000000e+00  0.000000000000000000e+00
5.075000000000000000e+01  0.000000000000000000e+00  0.000000000000000000e+00
5.087500000000000000e+01  0.000000000000000000e+00  0.000000000000000000e+00
5.100000000000000000e+01  0.000000000000000000e+00  0.000000000000000000e+00
5.112500000000000000e+01  0.000000000000000000e+00  0.000000000000000000e+00
5.125000000000000000e+01  0.000000000000000000e+00  0.000000000000000000e+00
5.137500000000000000e+01  0.000000000000000000e+00  0.000000000000000000e+00
5.150000000000000000e+01  0.000000000000000000e+00  0.000000000000000000e+00
5.162500000000000000e+01  0.000000000000000000e+00  0.000000000000000000e+00
5.175000000000000000e+01  0.000000000000000000e+00  0.000000000000000000e+00
5.187500000000000000e+01  0.000000000000000000e+00  0.000000000000000000e+00
5.200000000000000000e+01  0.000000000000000000e+00  0.000000000000000000e+00
5.212500000000000000e+01  0.000000000000000000e+00  0.000000000000000000e+00
5.225000000000000000e+01  0.000000000000000000e+00  0.000000000000000000e+00
5.237500000000000000e+01  0.000000000000000000e+00  0.000000000000000000e+00
5.250000000000000000e+01  0.000000000000000000e+00  0.000000000000000000e+00
5.262500000000000000e+01  0.000000000000000000e+00  0.000000000000000000e+00
5.275000000000000000e+01  0.000000000000000000e+00  0.000000000000000000e+00
5.287500000000000000e+01  0.000000000000000000e+00  0.000000000000000000e+00
5.300000000000000000e+01  0.000000000000000000e+00  0.000000000000000000e+00
5.312500000000000000e+01  0.000000000000000000e+00  0.000000000000000000e+00
5.325000000000000000e+01  0.000000000000000000e+00  0.000000000000000000e+00
5.337500000000000000e+01  0.000000000000000000e+00  0.000000000000000000e+00
5.350000000000000000e+01  0.000000000000000000e+00  0.000000000000000000e+00
5.362500000000000000e+01  0.000000000000000000e+00  0.000000000000000000e+00
5.375000000000000000e+01  0.000000000000000000e+00  0.000000000000000000e+00
5.387500000000000000e+01  0.000000000000000000e+00  0.000000000000000000e+00
5.400000000000000000e+01  0.000000000000000000e+00  0.000000000000000000e+00
5.412500000000000000e+01  0.000000000000000000e+00  0.000000000000000000e+00
5.425000000000000000e+01  0.000000000000000000e+00  0.000000000000000000e+00
5.437500000000000000e+01  0.000000000000000000e+00  0.000000000000000000e+00
5.450000000000000000e+01  0.000000000000000000e+00  0.000000000000000000e+00
5.462500000000000000e+01  0.000000000000000000e+00  0.000000000000000000e+00
5.475000000000000000e+01  0.000000000000000000e+00  0.000000000000000000e+00
5.487500000000000000e+01  0.000000000000000000e+00  0.000000000000000000e+00
5.500000000000000000e+01  0.000000000000000000e+00  0.000000000000000000e+00
5.512500000000000000e+01  0.000000000000000000e+00  0.000000000000000000e+00
5.525000000000000000e+01  0.000000000000000000e+00  0.000000000000000000e+00
5.537500000000000000e+01  0.000000000000000000e+00  0.000000000000000000e+00
5.550000000000000000e+01  0.000000000000000000e+00  0.000000000000000000e+00
5.562500000000000000e+01  0.000000000000000000e+00  0.000000000000000000e+00
5.575000000000000000e+01  0.000000000000000000e+00  0.000000000000000000e+00
5.587500000000000000e+01  0.000000000000000000e+00  0.000000000000000000e+00
5.600000000000000000e+01  0.000000000000000000e+00  0.000000000000000000e+00
5.612500000000000000e+01  0.000000000000000000e+00  0.000000000000000000e+00
5.625000000000000000e+01  0.000000000000000000e+00  0.000000000000000000e+00
5.637500000000000000e+01  0.000000000000000000e+00  0.000000000000000000e+00
5.650000000000000000e+01  0.000000000000000000e+00  0.000000000000000000e+00
5.662500000000000000e+01  0.000000000000000000e+00  0.000000000000000000e+00
5.675000000000000000e+01  0.000000000000000000e+00  0.000000000000000000e+00
5.687500000000000000e+01  0.000000000000000000e+00  0.000000000000000000e+00
5.700000000000000000e+01  0.000000000000000000e+00  0.000000000000000000e+00
5.712500000000000000e+01  0.000000000000000000e+00  0.000000000000000000e+00
5.725000000000000000e+01  0.000000000000000000e+00  0.000000000000000000e+00
5.737500000000000000e+01  0.000000000000000000e+00  0.000000000000000000e+00
5.750000000000000000e+01  0.000000000000000000e+00  0.000000000000000000e+00
5.762500000000000000e+01  0.000000000000000000e+00  0.000000000000000000e+00
5.775000000000000000e+01  0.000000000000000000e+00  0.000000000000000000e+00
5.787500000000000000e+01  0.000000000000000000e+00  0.000000000000000000e+00
5.800000000000000000e+01  0.000000000000000000e+00  0.000000000000000000e+00
5.812500000000000000e+01  0.000000000000000000e+00  0.000000000000000000e+00
5.825000000000000000e+01  0.000000000000000000e+00  0.000000000000000000e+00
5.837500000000000000e+01  0.000000000000000000e+00  0.000000000000000000e+00
5.850000000000000000e+01  0.000000000000000000e+00  0.000000000000000000e+00
5.862500000000000000e+01  0.000000000000000000e+00  0.000000000000000000e+00
5.875000000000000000e+01  0.000000000000000000e+00  0.000000000000000000e+00
5.887500000000000000e+01  0.000000000000000000e+00  0.000000000000000000e+00
5.900000000000000000e+01  0.000000000000000000e+00  0.000000000000000000e+00
5.912500000000000000e+01  0.000000000000000000e+00  0.000000000000000000e+00
5.925000000000000000e+01  0.000000000000000000e+00  0.000000000000000000e+00
5.937500000000000000e+01  0.000000000000000000e+00  0.000000000000000000e+00
5.950000000000000000e+01  0.000000000000000000e+00  0.000000000000000000e+00
5.962500000000000000e+01  0.000000000000000000e+00  0.000000000000000000e+00
5.975000000000000000e+01  0.000000000000000000e+00  0.000000000000000000e+00
5.987500000000000000e+01  0.000000000000000000e+00  0.000000000000000000e+00
6.000000000000000000e+01  0.000000000000000000e+00  0.000000000000000000e+00
6.012500000000000000e+01  0.000000000000000000e+00  0.000000000000000000e+00
6.025000000000000000e+01  0.000000000000000000e+00  0.000000000000000000e+00
6.037500000000000000e+01  0.000000000000000000e+00  0.000000000000000000e+00
6.050000000000000000e+01  0.000000000000000000e+00  0.000000000000000000e+00
6.062500000000000000e+01  0.000000000000000000e+00  0.000000000000000000e+00
6.075000000000000000e+01  0.000000000000000000e+00  0.000000000000000000e+00
6.087500000000000000e+01  0.000000000000000000e+00  0.000000000000000000e+00
6.100000000000000000e+01  0.000000000000000000e+00  0.000000000000000000e+00
6.112500000000000000e+01  0.000000000000000000e+00  0.000000000000000000e+00
6.125000000000000000e+01  0.000000000000000000e+00  0.000000000000000000e+00
6.137500000000000000e+01  0.000000000000000000e+00  0.000000000000000000e+00
6.150000000000000000e+01  0.000000000000000000e+00  0.000000000000000000e+00
6.162500000000000000e+01  0.000000000000000000e+00  0.000000000000000000e+00
6.175000000000000000e+01  0.000000000000000000e+00  0.000000000000000000e+00
6.187500000000000000e+01  0.000000000000000000e+00  0.000000000000000000e+00
6.200000000000000000e+01  0.000000000000000000e+00  0.000000000000000000e+00
6.212500000000000000e+01  0.000000000000000000e+00  0.000000000000000000e+00
6.225000000000000000e+01  0.000000000000000000e+00  0.000000000000000000e+00
6.237500000000000000e+01  0.000000000000000000e+00  0.000000000000000000e+00
6.250000000000000000e+01  0.000000000000000000e+00  0.000000000000000000e+00
6.262500000000000000e+01  0.000000000000000000e+00  0.000000000000000000e+00
6.275000000000000000e+01  0.000000000000000000e+00  0.000000000000000000e+00
6.287500000000000000e+01  0.000000000000000000e+00  0.000000000000000000e+00
6.300000000000000000e+01  0.000000000000000000e+00  0.000000000000000000e+00
6.312500000000000000e+01  0.000000000000000000e+00  0.000000000000000000e+00
6.325000000000000000e+01  0.000000000000000000e+00  0.000000000000000000e+00
6.337500000000000000e+01  0.000000000000000000e+00  0.000000000000000000e+00
6.350000000000000000e+01  0.000000000000000000e+00  0.000000000000000000e+00
6.362500000000000000e+01  0.000000000000000000e+00  0.000000000000000000e+00
6.375000000000000000e+01  0.000000000000000000e+00  0.000000000000000000e+00
6.387500000000000000e+01  0.000000000000000000e+00  0.000000000000000000e+00
6.400000000000000000e+01  0.000000000000000000e+00  0.000000000000000000e+00
6.412500000000000000e+01  0.000000000000000000e+00  0.000000000000000000e+00
6.425000000000000000e+01  0.000000000000000000e+00  0.000000000000000000e+00
6.437500000000000000e+01  0.000000000000000000e+00  0.000000000000000000e+00
6.450000000000000000e+01  0.000000000000000000e+00  0.000000000000000000e+00
6.462500000000000000e+01  0.000000000000000000e+00  0.000000000000000000e+00
6.475000000000000000e+01  0.000000000000000000e+00  0.000000000000000000e+00
6.487500000000000000e+01  0.000000000000000000e+00  0.000000000000000000e+00
6.500000000000000000e+01  0.000000000000000000e+00  0.000000000000000000e+00
6.512500000000000000e+01  0.000000000000000000e+00  0.000000000000000000e+00
6.525000000000000000e+01  0.000000000000000000e+00  0.000000000000000000e+00
6.537500000000000000e+01  0.000000000000000000e+00  0.000000000000000000e+00
6.550000000000000000e+01  0.000000000000000000e+00  0.000000000000000000e+00
6.562500000000000000e+01  0.000000000000000000e+00  0.000000000000000000e+00
6.575000000000000000e+01  0.000000000000000000e+00  0.000000000000000000e+00
6.587500000000000000e+01  0.000000000000000000e+00  0.000000000000000000e+00
6.600000000000000000e+01  0.000000000000000000e+00  0.000000000000000000e+00
6.612500000000000000e+01  0.000000000000000000e+00  0.000000000000000000e+00
6.625000000000000000e+01  0.000000000000000000e+00  0.000000000000000000e+00
6.637500000000000000e+01  0.000000000000000000e+00  0.000000000000000000e+00
6.650000000000000000e+01  0.000000000000000000e+00  0.000000000000000000e+00
6.662500000000000000e+01  0.000000000000000000e+00  0.000000000000000000e+00
6.675000000000000000e+01  0.000000000000000000e+00  0.000000000000000000e+00
6.687500000000000000e+01  0.000000000000000000e+00  0.000000000000000000e+00
6.700000000000000000e+01  0.000000000000000000e+00  0.000000000000000000e+00
6.712500000000000000e+01  0.000000000000000000e+00  0.000000000000000000e+00
6.725000000000000000e+01  0.000000000000000000e+00  0.000000000000000000e+00
6.737500000000000000e+01  0.000000000000000000e+00  0.000000000000000000e+00
6.750000000000000000e+01  0.000000000000000000e+00  0.000000000000000000e+00
6.762500000000000000e+01  0.000000000000000000e+00  0.000000000000000000e+00
6.775000000000000000e+01  0.000000000000000000e+00  0.000000000000000000e+00
6.787500000000000000e+01  0.000000000000000000e+00  0.000000000000000000e+00
6.800000000000000000e+01  0.000000000000000000e+00  0.000000000000000000e+00
6.812500000000000000e+01  0.000000000000000000e+00  0.000000000000000000e+00
6.825000000000000000e+01  0.000000000000000000e+00  0.000000000000000000e+00
6.837500000000000000e+01  0.000000000000000000e+00  0.000000000000000000e+00
6.850000000000000000e+01  0.000000000000000000e+00  0.000000000000000000e+00
6.862500000000000000e+01  0.000000000000000000e+00  0.000000000000000000e+00
6.875000000000000000e+01  0.000000000000000000e+00  0.000000000000000000e+00
6.887500000000000000e+01  0.000000000000000000e+00  0.000000000000000000e+00
6.900000000000000000e+01  0.000000000000000000e+00  0.000000000000000000e+00
6.912500000000000000e+01  0.000000000000000000e+00  0.000000000000000000e+00
6.925000000000000000e+01  0.000000000000000000e+00  0.000000000000000000e+00
6.937500000000000000e+01  0.000000000000000000e+00  0.000000000000000000e+00
6.950000000000000000e+01  0.000000000000000000e+00  0.000000000000000000e+00
6.962500000000000000e+01  0.000000000000000000e+00  0.000000000000000000e+00
6.975000000000000000e+01  0.000000000000000000e+00  0.000000000000000000e+00
6.987500000000000000e+01  0.000000000000000000e+00  0.000000000000000000e+00
7.000000000000000000e+01  0.000000000000000000e+00  0.000000000000000000e+00
7.012500000000000000e+01  0.000000000000000000e+00  0.000000000000000000e+00
7.025000000000000000e+01  0.000000000000000000e+00  0.000000000000000000e+00
7.037500000000000000e+01  0.000000000000000000e+00  0.000000000000000000e+00
7.050000000000000000e+01  0.000000000000000000e+00  0.000000000000000000e+00
7.062500000000000000e+01  0.000000000000000000e+00  0.000000000000000000e+00
7.075000000000000000e+01  0.000000000000000000e+00  0.000000000000000000e+00
7.087500000000000000e+01  0.000000000000000000e+00  0.000000000000000000e+00
7.100000000000000000e+01  0.000000000000000000e+00  0.000000000000000000e+00
7.112500000000000000e+01  0.000000000000000000e+00  0.000000000000000000e+00
7.125000000000000000e+01  0.000000000000000000e+00  0.000000000000000000e+00
7.137500000000000000e+01  0.000000000000000000e+00  0.000000000000000000e+00
7.150000000000000000e+01  0.000000000000000000e+00  0.000000000000000000e+00
7.162500000000000000e+01  0.000000000000000000e+00  0.000000000000000000e+00
7.175000000000000000e+01  0.000000000000000000e+00  0.000000000000000000e+00
7.187500000000000000e+01  0.000000000000000000e+00  0.000000000000000000e+00
7.200000000000000000e+01  0.000000000000000000e+00  0.000000000000000000e+00
7.212500000000000000e+01  0.000000000000000000e+00  0.000000000000000000e+00
7.225000000000000000e+01  0.000000000000000000e+00  0.000000000000000000e+00
7.237500000000000000e+01  0.000000000000000000e+00  0.000000000000000000e+00
7.250000000000000000e+01  0.000000000000000000e+00  0.000000000000000000e+00
7.262500000000000000e+01  0.000000000000000000e+00  0.000000000000000000e+00
7.275000000000000000e+01  0.000000000000000000e+00  0.000000000000000000e+00
7.287500000000000000e+01  0.000000000000000000e+00  0.000000000000000000e+00
7.300000000000000000e+01  0.000000000000000000e+00  0.000000000000000000e+00
7.312500000000000000e+01  0.000000000000000000e+00  0.000000000000000000e+00
7.325000000000000000e+01  0.000000000000000000e+00  0.000000000000000000e+00
7.337500000000000000e+01  0.000000000000000000e+00  0.000000000000000000e+00
7.350000000000000000e+01  0.000000000000000000e+00  0.000000000000000000e+00
7.362500000000000000e+01  0.000000000000000000e+00  0.000000000000000000e+00
7.375000000000000000e+01  0.000000000000000000e+00  0.000000000000000000e+00
7.387500000000000000e+01  0.000000000000000000e+00  0.000000000000000000e+00
7.400000000000000000e+01  0.000000000000000000e+00  0.000000000000000000e+00
7.412500000000000000e+01  0.000000000000000000e+00  0.000000000000000000e+00
7.425000000000000000e+01  0.000000000000000000e+00  0.000000000000000000e+00
7.437500000000000000e+01  0.000000000000000000e+00  0.000000000000000000e+00
7.450000000000000000e+01  0.000000000000000000e+00  0.000000000000000000e+00
7.462500000000000000e+01  0.000000000000000000e+00  0.000000000000000000e+00
7.475000000000000000e+01  0.000000000000000000e+00  0.000000000000000000e+00
7.487500000000000000e+01  0.000000000000000000e+00  0.000000000000000000e+00
7.500000000000000000e+01  0.000000000000000000e+00  0.000000000000000000e+00
7.512500000000000000e+01  0.000000000000000000e+00  0.000000000000000000e+00
7.525000000000000000e+01  0.000000000000000000e+00  0.000000000000000000e+00
7.537500000000000000e+01  0.000000000000000000e+00  0.000000000000000000e+00
7.550000000000000000e+01  0.000000000000000000e+00  0.000000000000000000e+00
7.562500000000000000e+01  0.000000000000000000e+00  0.000000000000000000e+00
7.575000000000000000e+01  0.000000000000000000e+00  0.000000000000000000e+00
7.587500000000000000e+01  0.000000000000000000e+00  0.000000000000000000e+00
7.600000000000000000e+01  0.000000000000000000e+00  0.000000000000000000e+00
7.612500000000000000e+01  0.000000000000000000e+00  0.000000000000000000e+00
7.625000000000000000e+01  0.000000000000000000e+00  0.000000000000000000e+00
7.637500000000000000e+01  0.000000000000000000e+00  0.000000000000000000e+00
7.650000000000000000e+01  0.000000000000000000e+00  0.000000000000000000e+00
7.662500000000000000e+01  0.000000000000000000e+00  0.000000000000000000e+00
7.675000000000000000e+01  0.000000000000000000e+00  0.000000000000000000e+00
7.687500000000000000e+01  0.000000000000000000e+00  0.000000000000000000e+00
7.700000000000000000e+01  0.000000000000000000e+00  0.000000000000000000e+00
7.712500000000000000e+01  0.000000000000000000e+00  0.000000000000000000e+00
7.725000000000000000e+01  0.000000000000000000e+00  0.000000000000000000e+00
7.737500000000000000e+01  0.000000000000000000e+00  0.000000000000000000e+00
7.750000000000000000e+01  0.000000000000000000e+00  0.000000000000000000e+00
7.762500000000000000e+01  0.000000000000000000e+00  0.000000000000000000e+00
7.775000000000000000e+01  0.000000000000000000e+00  0.000000000000000000e+00
7.787500000000000000e+01  0.000000000000000000e+00  0.000000000000000000e+00
7.800000000000000000e+01  0.000000000000000000e+00  0.000000000000000000e+00
7.812500000000000000e+01  0.000000000000000000e+00  0.000000000000000000e+00
7.825000000000000000e+01  0.000000000000000000e+00  0.000000000000000000e+00
7.837500000000000000e+01  0.000000000000000000e+00  0.000000000000000000e+00
7.850000000000000000e+01  0.000000000000000000e+00  0.000000000000000000e+00
7.862500000000000000e+01  0.000000000000000000e+00  0.000000000000000000e+00
7.875000000000000000e+01  0.000000000000000000e+00  0.000000000000000000e+00
7.887500000000000000e+01  0.000000000000000000e+00  0.000000000000000000e+00
7.900000000000000000e+01  0.000000000000000000e+00  0.000000000000000000e+00
7.912500000000000000e+01  0.000000000000000000e+00  0.000000000000000000e+00
7.925000000000000000e+01  0.000000000000000000e+00  0.000000000000000000e+00
7.937500000000000000e+01  0.000000000000000000e+00  0.000000000000000000e+00
7.950000000000000000e+01  0.000000000000000000e+00  0.000000000000000000e+00
7.962500000000000000e+01  0.000000000000000000e+00  0.000000000000000000e+00
7.975000000000000000e+01  0.000000000000000000e+00  0.000000000000000000e+00
7.987500000000000000e+01  0.000000000000000000e+00  0.000000000000000000e+00
8.000000000000000000e+01  0.000000000000000000e+00  0.000000000000000000e+00
8.012500000000000000e+01  0.000000000000000000e+00  0.000000000000000000e+00
8.025000000000000000e+01  0.000000000000000000e+00  0.000000000000000000e+00
8.037500000000000000e+01  0.000000000000000000e+00  0.000000000000000000e+00
8.050000000000000000e+01  0.000000000000000000e+00  0.000000000000000000e+00
8.062500000000000000e+01  0.000000000000000000e+00  0.000000000000000000e+00
8.075000000000000000e+01  0.000000000000000000e+00  0.000000000000000000e+00
8.087500000000000000e+01  0.000000000000000000e+00  0.000000000000000000e+00
8.100000000000000000e+01  0.000000000000000000e+00  0.000000000000000000e+00
8.112500000000000000e+01  0.000000000000000000e+00  0.000000000000000000e+00
8.125000000000000000e+01  0.000000000000000000e+00  0.000000000000000000e+00
8.137500000000000000e+01  0.000000000000000000e+00  0.000000000000000000e+00
8.150000000000000000e+01  0.000000000000000000e+00  0.000000000000000000e+00
8.162500000000000000e+01  0.000000000000000000e+00  0.000000000000000000e+00
8.175000000000000000e+01  0.000000000000000000e+00  0.000000000000000000e+00
8.187500000000000000e+01  0.000000000000000000e+00  0.000000000000000000e+00
8.200000000000000000e+01  0.000000000000000000e+00  0.000000000000000000e+00
8.212500000000000000e+01  0.000000000000000000e+00  0.000000000000000000e+00
8.225000000000000000e+01  0.000000000000000000e+00  0.000000000000000000e+00
8.237500000000000000e+01  0.000000000000000000e+00  0.000000000000000000e+00
8.250000000000000000e+01  0.000000000000000000e+00  0.000000000000000000e+00
8.262500000000000000e+01  0.000000000000000000e+00  0.000000000000000000e+00
8.275000000000000000e+01  0.000000000000000000e+00  0.000000000000000000e+00
8.287500000000000000e+01  0.000000000000000000e+00  0.000000000000000000e+00
8.300000000000000000e+01  0.000000000000000000e+00  0.000000000000000000e+00
8.312500000000000000e+01  0.000000000000000000e+00  0.000000000000000000e+00
8.325000000000000000e+01  0.000000000000000000e+00  0.000000000000000000e+00
8.337500000000000000e+01  0.000000000000000000e+00  0.000000000000000000e+00
8.350000000000000000e+01  0.000000000000000000e+00  0.000000000000000000e+00
8.362500000000000000e+01  0.000000000000000000e+00  0.000000000000000000e+00
8.375000000000000000e+01  0.000000000000000000e+00  0.000000000000000000e+00
8.387500000000000000e+01  0.000000000000000000e+00  0.000000000000000000e+00
8.400000000000000000e+01  0.000000000000000000e+00  0.000000000000000000e+00
8.412500000000000000e+01  0.000000000000000000e+00  0.000000000000000000e+00
8.425000000000000000e+01  0.000000000000000000e+00  0.000000000000000000e+00
8.437500000000000000e+01  0.000000000000000000e+00  0.000000000000000000e+00
8.450000000000000000e+01  0.000000000000000000e+00  0.000000000000000000e+00
8.462500000000000000e+01  0.000000000000000000e+00  0.000000000000000000e+00
8.475000000000000000e+01  0.000000000000000000e+00  0.000000000000000000e+00
8.487500000000000000e+01  0.000000000000000000e+00  0.000000000000000000e+00
8.500000000000000000e+01  0.000000000000000000e+00  0.000000000000000000e+00
8.512500000000000000e+01  0.000000000000000000e+00  0.000000000000000000e+00
8.525000000000000000e+01  0.000000000000000000e+00  0.000000000000000000e+00
8.537500000000000000e+01  0.000000000000000000e+00  0.000000000000000000e+00
8.550000000000000000e+01  0.000000000000000000e+00  0.000000000000000000e+00
8.562500000000000000e+01  0.000000000000000000e+00  0.000000000000000000e+00
8.575000000000000000e+01  0.000000000000000000e+00  0.000000000000000000e+00
8.587500000000000000e+01  0.000000000000000000e+00  0.000000000000000000e+00
8.600000000000000000e+01  0.000000000000000000e+00  0.000000000000000000e+00
8.612500000000000000e+01  0.000000000000000000e+00  0.000000000000000000e+00
8.625000000000000000e+01  0.000000000000000000e+00  0.000000000000000000e+00
8.637500000000000000e+01  0.000000000000000000e+00  0.000000000000000000e+00
8.650000000000000000e+01  0.000000000000000000e+00  0.000000000000000000e+00
8.662500000000000000e+01  0.000000000000000000e+00  0.000000000000000000e+00
8.675000000000000000e+01  0.000000000000000000e+00  0.000000000000000000e+00
8.687500000000000000e+01  0.000000000000000000e+00  0.000000000000000000e+00
8.700000000000000000e+01  0.000000000000000000e+00  0.000000000000000000e+00
8.712500000000000000e+01  0.000000000000000000e+00  0.000000000000000000e+00
8.725000000000000000e+01  0.000000000000000000e+00  0.000000000000000000e+00
8.737500000000000000e+01  0.000000000000000000e+00  0.000000000000000000e+00
8.750000000000000000e+01  0.000000000000000000e+00  0.000000000000000000e+00
8.762500000000000000e+01  0.000000000000000000e+00  0.000000000000000000e+00
8.775000000000000000e+01  0.000000000000000000e+00  0.000000000000000000e+00
8.787500000000000000e+01  0.000000000000000000e+00  0.000000000000000000e+00
8.800000000000000000e+01  0.000000000000000000e+00  0.000000000000000000e+00
8.812500000000000000e+01  0.000000000000000000e+00  0.000000000000000000e+00
8.825000000000000000e+01  0.000000000000000000e+00  0.000000000000000000e+00
8.837500000000000000e+01  0.000000000000000000e+00  0.000000000000000000e+00
8.850000000000000000e+01  0.000000000000000000e+00  0.000000000000000000e+00
8.862500000000000000e+01  0.000000000000000000e+00  0.000000000000000000e+00
8.875000000000000000e+01  0.000000000000000000e+00  0.000000000000000000e+00
8.887500000000000000e+01  0.000000000000000000e+00  0.000000000000000000e+00
8.900000000000000000e+01  0.000000000000000000e+00  0.000000000000000000e+00
8.912500000000000000e+01  0.000000000000000000e+00  0.000000000000000000e+00
8.925000000000000000e+01  0.000000000000000000e+00  0.000000000000000000e+00
8.937500000000000000e+01  0.000000000000000000e+00  0.000000000000000000e+00
8.950000000000000000e+01  0.000000000000000000e+00  0.000000000000000000e+00
8.962500000000000000e+01  0.000000000000000000e+00  0.000000000000000000e+00
8.975000000000000000e+01  0.000000000000000000e+00  0.000000000000000000e+00
8.987500000000000000e+01  0.000000000000000000e+00  0.000000000000000000e+00
9.000000000000000000e+01  0.000000000000000000e+00  0.000000000000000000e+00
9.012500000000000000e+01  0.000000000000000000e+00  0.000000000000000000e+00
9.025000000000000000e+01  0.000000000000000000e+00  0.000000000000000000e+00
9.037500000000000000e+01  0.000000000000000000e+00  0.000000000000000000e+00
9.050000000000000000e+01  0.000000000000000000e+00  0.000000000000000000e+00
9.062500000000000000e+01  0.000000000000000000e+00  0.000000000000000000e+00
9.075000000000000000e+01  0.000000000000000000e+00  0.000000000000000000e+00
9.087500000000000000e+01  0.000000000000000000e+00  0.000000000000000000e+00
9.100000000000000000e+01  0.000000000000000000e+00  0.000000000000000000e+00
9.112500000000000000e+01  0.000000000000000000e+00  0.000000000000000000e+00
9.125000000000000000e+01  0.000000000000000000e+00  0.000000000000000000e+00
9.137500000000000000e+01  0.000000000000000000e+00  0.000000000000000000e+00
9.150000000000000000e+01  0.000000000000000000e+00  0.000000000000000000e+00
9.162500000000000000e+01  0.000000000000000000e+00  0.000000000000000000e+00
9.175000000000000000e+01  0.000000000000000000e+00  0.000000000000000000e+00
9.187500000000000000e+01  0.000000000000000000e+00  0.000000000000000000e+00
9.200000000000000000e+01  0.000000000000000000e+00  0.000000000000000000e+00
9.212500000000000000e+01  0.000000000000000000e+00  0.000000000000000000e+00
9.225000000000000000e+01  0.000000000000000000e+00  0.000000000000000000e+00
9.237500000000000000e+01  0.000000000000000000e+00  0.000000000000000000e+00
9.250000000000000000e+01  0.000000000000000000e+00  0.000000000000000000e+00
9.262500000000000000e+01  0.000000000000000000e+00  0.000000000000000000e+00
9.275000000000000000e+01  0.000000000000000000e+00  0.000000000000000000e+00
9.287500000000000000e+01  0.000000000000000000e+00  0.000000000000000000e+00
9.300000000000000000e+01  0.000000000000000000e+00  0.000000000000000000e+00
9.312500000000000000e+01  0.000000000000000000e+00  0.000000000000000000e+00
9.325000000000000000e+01  0.000000000000000000e+00  0.000000000000000000e+00
9.337500000000000000e+01  0.000000000000000000e+00  0.000000000000000000e+00
9.350000000000000000e+01  0.000000000000000000e+00  0.000000000000000000e+00
9.362500000000000000e+01  0.000000000000000000e+00  0.000000000000000000e+00
9.375000000000000000e+01  0.000000000000000000e+00  0.000000000000000000e+00
9.387500000000000000e+01  0.000000000000000000e+00  0.000000000000000000e+00
9.400000000000000000e+01  0.000000000000000000e+00  0.000000000000000000e+00
9.412500000000000000e+01  0.000000000000000000e+00  0.000000000000000000e+00
9.425000000000000000e+01  0.000000000000000000e+00  0.000000000000000000e+00
9.437500000000000000e+01  0.000000000000000000e+00  0.000000000000000000e+00
9.450000000000000000e+01  0.000000000000000000e+00  0.000000000000000000e+00
9.462500000000000000e+01  0.000000000000000000e+00  0.000000000000000000e+00
9.475000000000000000e+01  0.000000000000000000e+00  0.000000000000000000e+00
9.487500000000000000e+01  0.000000000000000000e+00  0.000000000000000000e+00
9.500000000000000000e+01  0.000000000000000000e+00  0.000000000000000000e+00
9.512500000000000000e+01  0.000000000000000000e+00  0.000000000000000000e+00
9.525000000000000000e+01  0.000000000000000000e+00  0.000000000000000000e+00
9.537500000000000000e+01  0.000000000000000000e+00  0.000000000000000000e+00
9.550000000000000000e+01  0.000000000000000000e+00  0.000000000000000000e+00
9.562500000000000000e+01  0.000000000000000000e+00  0.000000000000000000e+00
9.575000000000000000e+01  0.000000000000000000e+00  0.000000000000000000e+00
9.587500000000000000e+01  0.000000000000000000e+00  0.000000000000000000e+00
9.600000000000000000e+01  0.000000000000000000e+00  0.000000000000000000e+00
9.612500000000000000e+01  0.000000000000000000e+00  0.000000000000000000e+00
9.625000000000000000e+01  0.000000000000000000e+00  0.000000000000000000e+00
9.637500000000000000e+01  0.000000000000000000e+00  0.000000000000000000e+00
9.650000000000000000e+01  0.000000000000000000e+00  0.000000000000000000e+00
9.662500000000000000e+01  0.000000000000000000e+00  0.000000000000000000e+00
9.675000000000000000e+01  0.000000000000000000e+00  0.000000000000000000e+00
9.687500000000000000e+01  0.000000000000000000e+00  0.000000000000000000e+00
9.700000000000000000e+01  0.000000000000000000e+00  0.000000000000000000e+00
9.712500000000000000e+01  0.000000000000000000e+00  0.000000000000000000e+00
9.725000000000000000e+01  0.000000000000000000e+00  0.000000000000000000e+00
9.737500000000000000e+01  0.000000000000000000e+00  0.000000000000000000e+00
9.750000000000000000e+01  0.000000000000000000e+00  0.000000000000000000e+00
9.762500000000000000e+01  0.000000000000000000e+00  0.000000000000000000e+00
9.775000000000000000e+01  0.000000000000000000e+00  0.000000000000000000e+00
9.787500000000000000e+01  0.000000000000000000e+00  0.000000000000000000e+00
9.800000000000000000e+01  0.000000000000000000e+00  0.000000000000000000e+00
9.812500000000000000e+01  0.000000000000000000e+00  0.000000000000000000e+00
9.825000000000000000e+01  0.000000000000000000e+00  0.000000000000000000e+00
9.837500000000000000e+01  0.000000000000000000e+00  0.000000000000000000e+00
9.850000000000000000e+01  0.000000000000000000e+00  0.000000000000000000e+00
9.862500000000000000e+01  0.000000000000000000e+00  0.000000000000000000e+00
9.875000000000000000e+01  0.000000000000000000e+00  0.000000000000000000e+00
9.887500000000000000e+01  0.000000000000000000e+00  0.000000000000000000e+00
9.900000000000000000e+01  0.000000000000000000e+00  0.000000000000000000e+00
9.912500000000000000e+01  0.000000000000000000e+00  0.000000000000000000e+00
9.925000000000000000e+01  0.000000000000000000e+00  0.000000000000000000e+00
9.937500000000000000e+01  0.000000000000000000e+00  0.000000000000000000e+00
9.950000000000000000e+01  0.000000000000000000e+00  0.000000000000000000e+00
9.962500000000000000e+01  0.000000000000000000e+00  0.000000000000000000e+00
9.975000000000000000e+01  0.000000000000000000e+00  0.000000000000000000e+00
9.987500000000000000e+01  0.000000000000000000e+00  0.000000000000000000e+00
1.000000000000000000e+02  0.000000000000000000e+00  0.000000000000000000e+00
1.001250000000000000e+02  0.000000000000000000e+00  0.000000000000000000e+00
1.002500000000000000e+02  0.000000000000000000e+00  0.000000000000000000e+00
1.003750000000000000e+02  0.000000000000000000e+00  0.000000000000000000e+00
1.005000000000000000e+02  0.000000000000000000e+00  0.000000000000000000e+00
1.006250000000000000e+02  0.000000000000000000e+00  0.000000000000000000e+00
1.007500000000000000e+02  0.000000000000000000e+00  0.000000000000000000e+00
1.008750000000000000e+02  0.000000000000000000e+00  0.000000000000000000e+00
1.010000000000000000e+02  0.000000000000000000e+00  0.000000000000000000e+00
1.011250000000000000e+02  0.000000000000000000e+00  0.000000000000000000e+00
1.012500000000000000e+02  0.000000000000000000e+00  0.000000000000000000e+00
1.013750000000000000e+02  0.000000000000000000e+00  0.000000000000000000e+00
1.015000000000000000e+02  0.000000000000000000e+00  0.000000000000000000e+00
1.016250000000000000e+02  0.000000000000000000e+00  0.000000000000000000e+00
1.017500000000000000e+02  0.000000000000000000e+00  0.000000000000000000e+00
1.018750000000000000e+02  0.000000000000000000e+00  0.000000000000000000e+00
1.020000000000000000e+02  0.000000000000000000e+00  0.000000000000000000e+00
1.021250000000000000e+02  0.000000000000000000e+00  0.000000000000000000e+00
1.022500000000000000e+02  0.000000000000000000e+00  0.000000000000000000e+00
1.023750000000000000e+02  0.000000000000000000e+00  0.000000000000000000e+00
1.025000000000000000e+02  0.000000000000000000e+00  0.000000000000000000e+00
1.026250000000000000e+02  0.000000000000000000e+00  0.000000000000000000e+00
1.027500000000000000e+02  0.000000000000000000e+00  0.000000000000000000e+00
1.028750000000000000e+02  0.000000000000000000e+00  0.000000000000000000e+00
1.030000000000000000e+02  0.000000000000000000e+00  0.000000000000000000e+00
1.031250000000000000e+02  0.000000000000000000e+00  0.000000000000000000e+00
1.032500000000000000e+02  0.000000000000000000e+00  0.000000000000000000e+00
1.033750000000000000e+02  0.000000000000000000e+00  0.000000000000000000e+00
1.035000000000000000e+02  0.000000000000000000e+00  0.000000000000000000e+00
1.036250000000000000e+02  0.000000000000000000e+00  0.000000000000000000e+00
1.037500000000000000e+02  0.000000000000000000e+00  0.000000000000000000e+00
1.038750000000000000e+02  0.000000000000000000e+00  0.000000000000000000e+00
1.040000000000000000e+02  0.000000000000000000e+00  0.000000000000000000e+00
1.041250000000000000e+02  0.000000000000000000e+00  0.000000000000000000e+00
1.042500000000000000e+02  0.000000000000000000e+00  0.000000000000000000e+00
1.043750000000000000e+02  0.000000000000000000e+00  0.000000000000000000e+00
1.045000000000000000e+02  0.000000000000000000e+00  0.000000000000000000e+00
1.046250000000000000e+02  0.000000000000000000e+00  0.000000000000000000e+00
1.047500000000000000e+02  0.000000000000000000e+00  0.000000000000000000e+00
1.048750000000000000e+02  0.000000000000000000e+00  0.000000000000000000e+00
1.050000000000000000e+02  0.000000000000000000e+00  0.000000000000000000e+00
1.051250000000000000e+02  0.000000000000000000e+00  0.000000000000000000e+00
1.052500000000000000e+02  0.000000000000000000e+00  0.000000000000000000e+00
1.053750000000000000e+02  0.000000000000000000e+00  0.000000000000000000e+00
1.055000000000000000e+02  0.000000000000000000e+00  0.000000000000000000e+00
1.056250000000000000e+02  0.000000000000000000e+00  0.000000000000000000e+00
1.057500000000000000e+02  0.000000000000000000e+00  0.000000000000000000e+00
1.058750000000000000e+02  0.000000000000000000e+00  0.000000000000000000e+00
1.060000000000000000e+02  0.000000000000000000e+00  0.000000000000000000e+00
1.061250000000000000e+02  0.000000000000000000e+00  0.000000000000000000e+00
1.062500000000000000e+02  0.000000000000000000e+00  0.000000000000000000e+00
1.063750000000000000e+02  0.000000000000000000e+00  0.000000000000000000e+00
1.065000000000000000e+02  0.000000000000000000e+00  0.000000000000000000e+00
1.066250000000000000e+02  0.000000000000000000e+00  0.000000000000000000e+00
1.067500000000000000e+02  0.000000000000000000e+00  0.000000000000000000e+00
1.068750000000000000e+02  0.000000000000000000e+00  0.000000000000000000e+00
1.070000000000000000e+02  0.000000000000000000e+00  0.000000000000000000e+00
1.071250000000000000e+02  0.000000000000000000e+00  0.000000000000000000e+00
1.072500000000000000e+02  0.000000000000000000e+00  0.000000000000000000e+00
1.073750000000000000e+02  0.000000000000000000e+00  0.000000000000000000e+00
1.075000000000000000e+02  0.000000000000000000e+00  0.000000000000000000e+00
1.076250000000000000e+02  0.000000000000000000e+00  0.000000000000000000e+00
1.077500000000000000e+02  0.000000000000000000e+00  0.000000000000000000e+00
1.078750000000000000e+02  0.000000000000000000e+00  0.000000000000000000e+00
1.080000000000000000e+02  0.000000000000000000e+00  0.000000000000000000e+00
1.081250000000000000e+02  0.000000000000000000e+00  0.000000000000000000e+00
1.082500000000000000e+02  0.000000000000000000e+00  0.000000000000000000e+00
1.083750000000000000e+02  0.000000000000000000e+00  0.000000000000000000e+00
1.085000000000000000e+02  0.000000000000000000e+00  0.000000000000000000e+00
1.086250000000000000e+02  0.000000000000000000e+00  0.000000000000000000e+00
1.087500000000000000e+02  0.000000000000000000e+00  0.000000000000000000e+00
1.088750000000000000e+02  0.000000000000000000e+00  0.000000000000000000e+00
1.090000000000000000e+02  0.000000000000000000e+00  0.000000000000000000e+00
1.091250000000000000e+02  0.000000000000000000e+00  0.000000000000000000e+00
1.092500000000000000e+02  0.000000000000000000e+00  0.000000000000000000e+00
1.093750000000000000e+02  0.000000000000000000e+00  0.000000000000000000e+00
1.095000000000000000e+02  0.000000000000000000e+00  0.000000000000000000e+00
1.096250000000000000e+02  0.000000000000000000e+00  0.000000000000000000e+00
1.097500000000000000e+02  0.000000000000000000e+00  0.000000000000000000e+00
1.098750000000000000e+02  0.000000000000000000e+00  0.000000000000000000e+00
1.100000000000000000e+02  0.000000000000000000e+00  0.000000000000000000e+00
1.101250000000000000e+02  0.000000000000000000e+00  0.000000000000000000e+00
1.102500000000000000e+02  0.000000000000000000e+00  0.000000000000000000e+00
1.103750000000000000e+02  0.000000000000000000e+00  0.000000000000000000e+00
1.105000000000000000e+02  0.000000000000000000e+00  0.000000000000000000e+00
1.106250000000000000e+02  0.000000000000000000e+00  0.000000000000000000e+00
1.107500000000000000e+02  0.000000000000000000e+00  0.000000000000000000e+00
1.108750000000000000e+02  0.000000000000000000e+00  0.000000000000000000e+00
1.110000000000000000e+02  0.000000000000000000e+00  0.000000000000000000e+00
1.111250000000000000e+02  0.000000000000000000e+00  0.000000000000000000e+00
1.112500000000000000e+02  0.000000000000000000e+00  0.000000000000000000e+00
1.113750000000000000e+02  0.000000000000000000e+00  0.000000000000000000e+00
1.115000000000000000e+02  0.000000000000000000e+00  0.000000000000000000e+00
1.116250000000000000e+02  0.000000000000000000e+00  0.000000000000000000e+00
1.117500000000000000e+02  0.000000000000000000e+00  0.000000000000000000e+00
1.118750000000000000e+02  0.000000000000000000e+00  0.000000000000000000e+00
1.120000000000000000e+02  0.000000000000000000e+00  0.000000000000000000e+00
1.121250000000000000e+02  0.000000000000000000e+00  0.000000000000000000e+00
1.122500000000000000e+02  0.000000000000000000e+00  0.000000000000000000e+00
1.123750000000000000e+02  0.000000000000000000e+00  0.000000000000000000e+00
1.125000000000000000e+02  0.000000000000000000e+00  0.000000000000000000e+00
1.126250000000000000e+02  0.000000000000000000e+00  0.000000000000000000e+00
1.127500000000000000e+02  0.000000000000000000e+00  0.000000000000000000e+00
1.128750000000000000e+02  0.000000000000000000e+00  0.000000000000000000e+00
1.130000000000000000e+02  0.000000000000000000e+00  0.000000000000000000e+00
1.131250000000000000e+02  0.000000000000000000e+00  0.000000000000000000e+00
1.132500000000000000e+02  0.000000000000000000e+00  0.000000000000000000e+00
1.133750000000000000e+02  0.000000000000000000e+00  0.000000000000000000e+00
1.135000000000000000e+02  0.000000000000000000e+00  0.000000000000000000e+00
1.136250000000000000e+02  0.000000000000000000e+00  0.000000000000000000e+00
1.137500000000000000e+02  0.000000000000000000e+00  0.000000000000000000e+00
1.138750000000000000e+02  0.000000000000000000e+00  0.000000000000000000e+00
1.140000000000000000e+02  0.000000000000000000e+00  0.000000000000000000e+00
1.141250000000000000e+02  0.000000000000000000e+00  0.000000000000000000e+00
1.142500000000000000e+02  0.000000000000000000e+00  0.000000000000000000e+00
1.143750000000000000e+02  0.000000000000000000e+00  0.000000000000000000e+00
1.145000000000000000e+02  0.000000000000000000e+00  0.000000000000000000e+00
1.146250000000000000e+02  0.000000000000000000e+00  0.000000000000000000e+00
1.147500000000000000e+02  0.000000000000000000e+00  0.000000000000000000e+00
1.148750000000000000e+02  0.000000000000000000e+00  0.000000000000000000e+00
1.150000000000000000e+02  0.000000000000000000e+00  0.000000000000000000e+00
1.151250000000000000e+02  0.000000000000000000e+00  0.000000000000000000e+00
1.152500000000000000e+02  0.000000000000000000e+00  0.000000000000000000e+00
1.153750000000000000e+02  0.000000000000000000e+00  0.000000000000000000e+00
1.155000000000000000e+02  0.000000000000000000e+00  0.000000000000000000e+00
1.156250000000000000e+02  0.000000000000000000e+00  0.000000000000000000e+00
1.157500000000000000e+02  0.000000000000000000e+00  0.000000000000000000e+00
1.158750000000000000e+02  0.000000000000000000e+00  0.000000000000000000e+00
1.160000000000000000e+02  0.000000000000000000e+00  0.000000000000000000e+00
1.161250000000000000e+02  0.000000000000000000e+00  0.000000000000000000e+00
1.162500000000000000e+02  0.000000000000000000e+00  0.000000000000000000e+00
1.163750000000000000e+02  0.000000000000000000e+00  0.000000000000000000e+00
1.165000000000000000e+02  0.000000000000000000e+00  0.000000000000000000e+00
1.166250000000000000e+02  0.000000000000000000e+00  0.000000000000000000e+00
1.167500000000000000e+02  0.000000000000000000e+00  0.000000000000000000e+00
1.168750000000000000e+02  0.000000000000000000e+00  0.000000000000000000e+00
1.170000000000000000e+02  0.000000000000000000e+00  0.000000000000000000e+00
1.171250000000000000e+02  0.000000000000000000e+00  0.000000000000000000e+00
1.172500000000000000e+02  0.000000000000000000e+00  0.000000000000000000e+00
1.173750000000000000e+02  0.000000000000000000e+00  0.000000000000000000e+00
1.175000000000000000e+02  0.000000000000000000e+00  0.000000000000000000e+00
1.176250000000000000e+02  0.000000000000000000e+00  0.000000000000000000e+00
1.177500000000000000e+02  0.000000000000000000e+00  0.000000000000000000e+00
1.178750000000000000e+02  0.000000000000000000e+00  0.000000000000000000e+00
1.180000000000000000e+02  0.000000000000000000e+00  0.000000000000000000e+00
1.181250000000000000e+02  0.000000000000000000e+00  0.000000000000000000e+00
1.182500000000000000e+02  0.000000000000000000e+00  0.000000000000000000e+00
1.183750000000000000e+02  0.000000000000000000e+00  0.000000000000000000e+00
1.185000000000000000e+02  0.000000000000000000e+00  0.000000000000000000e+00
1.186250000000000000e+02  0.000000000000000000e+00  0.000000000000000000e+00
1.187500000000000000e+02  0.000000000000000000e+00  0.000000000000000000e+00
1.188750000000000000e+02  0.000000000000000000e+00  0.000000000000000000e+00
1.190000000000000000e+02  0.000000000000000000e+00  0.000000000000000000e+00
1.191250000000000000e+02  0.000000000000000000e+00  0.000000000000000000e+00
1.192500000000000000e+02  0.000000000000000000e+00  0.000000000000000000e+00
1.193750000000000000e+02  0.000000000000000000e+00  0.000000000000000000e+00
1.195000000000000000e+02  0.000000000000000000e+00  0.000000000000000000e+00
1.196250000000000000e+02  0.000000000000000000e+00  0.000000000000000000e+00
1.197500000000000000e+02  0.000000000000000000e+00  0.000000000000000000e+00
1.198750000000000000e+02  0.000000000000000000e+00  0.000000000000000000e+00
1.200000000000000000e+02  0.000000000000000000e+00  0.000000000000000000e+00
1.201250000000000000e+02  0.000000000000000000e+00  0.000000000000000000e+00
1.202500000000000000e+02  0.000000000000000000e+00  0.000000000000000000e+00
1.203750000000000000e+02  0.000000000000000000e+00  0.000000000000000000e+00
1.205000000000000000e+02  0.000000000000000000e+00  0.000000000000000000e+00
1.206250000000000000e+02  0.000000000000000000e+00  0.000000000000000000e+00
1.207500000000000000e+02  0.000000000000000000e+00  0.000000000000000000e+00
1.208750000000000000e+02  0.000000000000000000e+00  0.000000000000000000e+00
1.210000000000000000e+02  0.000000000000000000e+00  0.000000000000000000e+00
1.211250000000000000e+02  0.000000000000000000e+00  0.000000000000000000e+00
1.212500000000000000e+02  0.000000000000000000e+00  0.000000000000000000e+00
1.213750000000000000e+02  0.000000000000000000e+00  0.000000000000000000e+00
1.215000000000000000e+02  0.000000000000000000e+00  0.000000000000000000e+00
1.216250000000000000e+02  0.000000000000000000e+00  0.000000000000000000e+00
1.217500000000000000e+02  0.000000000000000000e+00  0.000000000000000000e+00
1.218750000000000000e+02  0.000000000000000000e+00  0.000000000000000000e+00
1.220000000000000000e+02  0.000000000000000000e+00  0.000000000000000000e+00
1.221250000000000000e+02  0.000000000000000000e+00  0.000000000000000000e+00
1.222500000000000000e+02  0.000000000000000000e+00  0.000000000000000000e+00
1.223750000000000000e+02  0.000000000000000000e+00  0.000000000000000000e+00
1.225000000000000000e+02  0.000000000000000000e+00  0.000000000000000000e+00
1.226250000000000000e+02  0.000000000000000000e+00  0.000000000000000000e+00
1.227500000000000000e+02  0.000000000000000000e+00  0.000000000000000000e+00
1.228750000000000000e+02  0.000000000000000000e+00  0.000000000000000000e+00
1.230000000000000000e+02  0.000000000000000000e+00  0.000000000000000000e+00
1.231250000000000000e+02  0.000000000000000000e+00  0.000000000000000000e+00
1.232500000000000000e+02  0.000000000000000000e+00  0.000000000000000000e+00
1.233750000000000000e+02  0.000000000000000000e+00  0.000000000000000000e+00
1.235000000000000000e+02  0.000000000000000000e+00  0.000000000000000000e+00
1.236250000000000000e+02  0.000000000000000000e+00  0.000000000000000000e+00
1.237500000000000000e+02  0.000000000000000000e+00  0.000000000000000000e+00
1.238750000000000000e+02  0.000000000000000000e+00  0.000000000000000000e+00
1.240000000000000000e+02  0.000000000000000000e+00  0.000000000000000000e+00
1.241250000000000000e+02  0.000000000000000000e+00  0.000000000000000000e+00
1.242500000000000000e+02  0.000000000000000000e+00  0.000000000000000000e+00
1.243750000000000000e+02  0.000000000000000000e+00  0.000000000000000000e+00
1.245000000000000000e+02  0.000000000000000000e+00  0.000000000000000000e+00
1.246250000000000000e+02  0.000000000000000000e+00  0.000000000000000000e+00
1.247500000000000000e+02  0.000000000000000000e+00  0.000000000000000000e+00
1.248750000000000000e+02  0.000000000000000000e+00  0.000000000000000000e+00
1.250000000000000000e+02  0.000000000000000000e+00  0.000000000000000000e+00
1.251250000000000000e+02  0.000000000000000000e+00  0.000000000000000000e+00
1.252500000000000000e+02  0.000000000000000000e+00  0.000000000000000000e+00
1.253750000000000000e+02  0.000000000000000000e+00  0.000000000000000000e+00
1.255000000000000000e+02  0.000000000000000000e+00  0.000000000000000000e+00
1.256250000000000000e+02  0.000000000000000000e+00  0.000000000000000000e+00
1.257500000000000000e+02  0.000000000000000000e+00  0.000000000000000000e+00
1.258750000000000000e+02  0.000000000000000000e+00  0.000000000000000000e+00
1.260000000000000000e+02  0.000000000000000000e+00  0.000000000000000000e+00
1.261250000000000000e+02  0.000000000000000000e+00  0.000000000000000000e+00
1.262500000000000000e+02  0.000000000000000000e+00  0.000000000000000000e+00
1.263750000000000000e+02  0.000000000000000000e+00  0.000000000000000000e+00
1.265000000000000000e+02  0.000000000000000000e+00  0.000000000000000000e+00
1.266250000000000000e+02  0.000000000000000000e+00  0.000000000000000000e+00
1.267500000000000000e+02  0.000000000000000000e+00  0.000000000000000000e+00
1.268750000000000000e+02  0.000000000000000000e+00  0.000000000000000000e+00
1.270000000000000000e+02  0.000000000000000000e+00  0.000000000000000000e+00
1.271250000000000000e+02  0.000000000000000000e+00  0.000000000000000000e+00
1.272500000000000000e+02  0.000000000000000000e+00  0.000000000000000000e+00
1.273750000000000000e+02  0.000000000000000000e+00  0.000000000000000000e+00
1.275000000000000000e+02  0.000000000000000000e+00  0.000000000000000000e+00
1.276250000000000000e+02  0.000000000000000000e+00  0.000000000000000000e+00
1.277500000000000000e+02  0.000000000000000000e+00  0.000000000000000000e+00
1.278750000000000000e+02  0.000000000000000000e+00  0.000000000000000000e+00
1.280000000000000000e+02  0.000000000000000000e+00  0.000000000000000000e+00
1.281250000000000000e+02  0.000000000000000000e+00  0.000000000000000000e+00
1.282500000000000000e+02  0.000000000000000000e+00  0.000000000000000000e+00
1.283750000000000000e+02  0.000000000000000000e+00  0.000000000000000000e+00
1.285000000000000000e+02  0.000000000000000000e+00  0.000000000000000000e+00
1.286250000000000000e+02  0.000000000000000000e+00  0.000000000000000000e+00
1.287500000000000000e+02  0.000000000000000000e+00  0.000000000000000000e+00
1.288750000000000000e+02  0.000000000000000000e+00  0.000000000000000000e+00
1.290000000000000000e+02  0.000000000000000000e+00  0.000000000000000000e+00
1.291250000000000000e+02  0.000000000000000000e+00  0.000000000000000000e+00
1.292500000000000000e+02  0.000000000000000000e+00  0.000000000000000000e+00
1.293750000000000000e+02  0.000000000000000000e+00  0.000000000000000000e+00
1.295000000000000000e+02  0.000000000000000000e+00  0.000000000000000000e+00
1.296250000000000000e+02  0.000000000000000000e+00  0.000000000000000000e+00
1.297500000000000000e+02  0.000000000000000000e+00  0.000000000000000000e+00
1.298750000000000000e+02  0.000000000000000000e+00  0.000000000000000000e+00
1.300000000000000000e+02  0.000000000000000000e+00  0.000000000000000000e+00
1.301250000000000000e+02  0.000000000000000000e+00  0.000000000000000000e+00
1.302500000000000000e+02  0.000000000000000000e+00  0.000000000000000000e+00
1.303750000000000000e+02  0.000000000000000000e+00  0.000000000000000000e+00
1.305000000000000000e+02  0.000000000000000000e+00  0.000000000000000000e+00
1.306250000000000000e+02  0.000000000000000000e+00  0.000000000000000000e+00
1.307500000000000000e+02  0.000000000000000000e+00  0.000000000000000000e+00
1.308750000000000000e+02  0.000000000000000000e+00  0.000000000000000000e+00
1.310000000000000000e+02  0.000000000000000000e+00  0.000000000000000000e+00
1.311250000000000000e+02  0.000000000000000000e+00  0.000000000000000000e+00
1.312500000000000000e+02  0.000000000000000000e+00  0.000000000000000000e+00
1.313750000000000000e+02  0.000000000000000000e+00  0.000000000000000000e+00
1.315000000000000000e+02  0.000000000000000000e+00  0.000000000000000000e+00
1.316250000000000000e+02  0.000000000000000000e+00  0.000000000000000000e+00
1.317500000000000000e+02  0.000000000000000000e+00  0.000000000000000000e+00
1.318750000000000000e+02  0.000000000000000000e+00  0.000000000000000000e+00
1.320000000000000000e+02  0.000000000000000000e+00  0.000000000000000000e+00
