territorial_id	values	powiats	area_ha	area_km2	weights	pop_per_km2	area_rank	pop_rank
022401 4	Bardo	Ząbkowicki	471	5	2497	530	739	785
020201 1	Bielawa	Dzierżoniowski	3621	36	29523	815	135	154
021402 4	Bierutów	Oleśnicki	836	8	4809	575	603	583
022503 4	Bogatynia	Zgorzelecki	5988	60	17037	285	72	256
022101 1	Boguszów-Gorce	Wałbrzyski	2702	27	15154	561	205	294
020101 1	Bolesławiec	Bolesławiecki	2357	24	38486	1633	234	114
020502 4	Bolków	Jaworski	768	8	4913	640	629	581
022201 4	Brzeg Dolny	Wołowski	1720	17	12480	726	344	341
020806 4	Bystrzyca Kłodzka	Kłodzki	1074	11	9878	920	523	401
021601 4	Chocianów	Polkowicki	900	9	7773	864	583	457
020901 1	Chojnów	Legnicki	532	5	13236	2488	711	333
020801 1	Duszniki-Zdrój	Kłodzki	2228	22	4422	198	253	608
020202 1	Dzierżoniów	Dzierżoniowski	2007	20	32869	1638	291	139
020301 1	Głogów	Głogowski	3511	35	66120	1883	141	59
022105 4	Głuszyca	Wałbrzyski	1621	16	6246	385	368	512
020401 4	Góra	Górowski	1365	14	11574	848	430	361
021201 4	Gryfów Śląski	Lwówecki	663	7	6509	982	671	500
020501 1	Jawor	Jaworski	1880	19	22462	1195	311	191
021904 4	Jaworzyna Śląska	Świdnicki	434	4	5118	1179	755	570
022102 1	Jedlina-Zdrój	Wałbrzyski	1745	17	4789	274	338	584
021503 4	Jelcz-Laskowice	Oławski	1706	17	15648	917	348	284
026101 1	Jelenia Góra	Jelenia Góra	10922	109	78335	717	28	45
022403 4	Kamieniec Ząbkowicki	Ząbkowicki	1299	13	4467	344	452	602
020701 1	Kamienna Góra	Kamiennogórski	1804	18	18585	1030	324	230
020601 1	Karpacz	Karkonoski	3799	38	4487	118	121	599
022304 4	Kąty Wrocławskie	Wrocławski	861	9	7028	816	595	479
020802 1	Kłodzko	Kłodzki	2484	25	26421	1064	225	169
020602 1	Kowary  Karkonoski	3739	37	10650	285	123	379
020803 1	Kudowa-Zdrój	Kłodzki	3390	34	9772	288	147	408
020808 4	Lądek-Zdrój	Kłodzki	2032	20	5466	269	284	556
026201 1	Legnica	Legnica	5629	56	98436	1749	77	39
021003 4	Leśna	Lubański	856	9	4391	513	598	611
021001 1	Lubań	Lubański	1612	16	20723	1286	370	212
020703 4	Lubawka	Kamiennogórski	2244	22	5940	265	249	525
021101 1	Lubin	Lubiński	4077	41	71710	1759	104	51
021202 4	Lubomierz	Lwówecki	805	8	1987	247	616	848
021203 4	Lwówek Śląski	Lwówecki	1665	17	8753	526	360	436
022106 4	Mieroszów	Wałbrzyski	1031	10	3964	384	535	643
021405 4	Międzybórz	Oleśnicki	641	6	2341	365	678	805
020810 4	Międzylesie	Kłodzki	1437	14	2514	175	413	782
021303 4	Milicz	Milicki	1350	14	11199	830	435	367
021204 4	Mirsk	Lwówecki	1466	15	3786	258	407	657
020207 4	Niemcza	Dzierżoniowski	1981	20	2932	148	296	736
020804 1	Nowa Ruda	Kłodzki	3705	37	21643	584	126	201
020104 4	Nowogrodziec	Bolesławiecki	1610	16	4263	265	371	622
022001 4	Oborniki Śląskie	Trzebnicki	1446	14	9075	628	412	424
021401 1	Oleśnica	Oleśnicki	2096	21	36979	1764	272	123
021005 4	Olszyna	Lubański	2026	20	4325	213	286	617
021501 1	Oława	Oławski	2736	27	33087	1209	201	138
020603 1	Piechowice	Karkonoski	4322	43	6082	141	98	518
022504 4	Pieńsk	Zgorzelecki	992	10	5767	581	552	536
020203 4	Pieszyce	Dzierżoniowski	1772	18	7012	396	332	482
020204 1	Piława Górna	Dzierżoniowski	2093	21	6364	304	273	508
020805 1	Polanica-Zdrój	Kłodzki	1722	17	6228	362	343	513
021604 4	Polkowice	Polkowicki	2374	24	22435	945	232	192
020907 4	Prochowice	Legnicki	985	10	3556	361	555	682
022002 4	Prusice	Trzebnicki	1094	11	2226	203	517	819
021605 4	Przemków	Polkowicki	617	6	6079	985	684	519
020812 4	Radków	Kłodzki	1503	15	2401	160	396	799
022308 4	Siechnice	Wrocławski	1563	16	8851	566	381	433
022307 4	Sobótka	Wrocławski	3220	32	6954	216	164	483
020813 4	Stronie Śląskie	Kłodzki	238	2	5616	2360	805	547
021906 4	Strzegom	Świdnicki	2049	21	15873	775	281	282
021704 4	Strzelin	Strzeliński	1274	12	12383	972	461	347
021407 4	Syców	Oleśnicki	1705	17	10340	606	349	389
022103 1	Szczawno-Zdrój	Wałbrzyski	1474	15	5534	375	404	552
020814 4	Szczytna	Kłodzki	8038	80	5044	63	50	575
020604 1	Szklarska Poręba	Karkonoski	7544	75	6653	88	56	493
021104 4	Ścinawa	Lubiński	1354	13	5526	408	433	554
021804 4	Środa Śląska	Średzki	1494	15	9562	640	399	412
021901 1	Świdnica	Świdnicki	2176	22	56222	2584	263	77
021902 1	Świebodzice	Świdnicki	3043	30	22642	744	173	189
021002 1	Świeradów-Zdrój	Lubański	2072	21	3995	193	276	641
022604 4	Świerzawa	Złotoryjski	176	2	2234	1269	824	818
022003 4	Trzebnica	Trzebnicki	1061	11	13314	1255	528	331
021408 4	Twardogóra	Oleśnicki	829	8	6597	796	607	497
026501 1	Wałbrzych	Wałbrzych	8470	85	109971	1298	41	33
020404 4	Wąsosz	Górowski	324	3	2647	817	790	768
022506 4	Węgliniec	Zgorzelecki	873	9	2802	321	590	753
021705 4	Wiązów	Strzeliński	916	9	2198	240	578	823
021205 4	Wleń	Lwówecki	722	7	1725	239	649	879
022601 1	Wojcieszów	Złotoryjski	3217	32	3572	111	165	679
022203 4	Wołów	Wołowski	1854	19	12298	663	316	350
026401 1	Wrocław	Wrocław	29282	293	641928	2192	5	4
022501 1	Zawidów	Zgorzelecki	607	6	4132	681	688	635
022405 4	Ząbkowice Śląskie	Ząbkowicki	1367	14	14728	1077	429	299
022502 1	Zgorzelec	Zgorzelecki	1588	16	29810	1877	375	152
022406 4	Ziębice	Ząbkowicki	1507	15	8531	566	393	443
022602 1	Złotoryja	Złotoryjski	1151	12	15273	1327	500	291
022407 4	Złoty Stok	Ząbkowicki	773	8	2696	349	627	764
021908 4	Żarów	Świdnicki	757	8	6648	878	635	495
022006 4	Żmigród	Trzebnicki	949	10	6444	679	569	503
040101 1	Aleksandrów Kujawski	Aleksandrowski	723	7	12058	1668	648	353
041901 4	Barcin	Żniński	370	4	7313	1976	772	472
040201 1	Brodnica	Brodnicki	2315	23	28701	1240	241	158
041804 4	Brześć Kujawski	Włocławski	704	7	4563	648	655	593
046101 1	Bydgoszcz	Bydgoszcz	17598	176	344091	1955	11	8
040401 1	Chełmno	Chełmiński	1356	14	19205	1416	432	222
041501 1	Chełmża	Toruński	784	7	14362	1832	624	302
041806 4	Chodecz	Włocławski	190	2	2279	1199	821	815
040102 1	Ciechocinek	Aleksandrowski	1526	15	10534	690	388	382
040804 4	Dobrzyń nad Wisłą	Lipnowski	541	5	2072	383	709	841
040703 4	Gniewkowo	Inowrocławski	918	9	7060	769	577	477
040501 1	Golub-Dobrzyń	Golubsko-dobrzyński	750	8	12412	1655	638	346
040205 4	Górzno	Brodnicki	343	4	1403	409	782	906
046201 1	Grudziądz	Grudziądz	5776	58	93564	1620	75	40
040701 1	Inowrocław	Inowrocławski	3042	30	71674	2356	174	52
041808 4	Izbica Kujawska	Włocławski	224	2	2594	1158	813	774
040207 4	Jabłonowo Pomorskie	Brodnicki	335	3	3730	1113	786	662
040705 4	Janikowo	Inowrocławski	951	10	8638	908	568	439
041903 4	Janowiec Wielkopolski	Żniński	304	3	3897	1282	794	648
041301 4	Kamień Krajeński	Sępoleński	365	4	2335	640	774	807
041001 4	Kcynia	Nakielski	684	7	4515	660	664	597
040304 4	Koronowo	Bydgoski	2815	28	11070	393	191	373
041801 1	Kowal	Włocławski	468	5	3468	741	740	689
040504 4	Kowalewo Pomorskie	Golubsko-dobrzyński	445	4	4102	922	750	636
040706 4	Kruszwica	Inowrocławski	1023	10	9331	912	541	421
040801 1	Lipno	Lipnowski	1099	11	14283	1300	513	304
041811 4	Lubień Kujawski	Włocławski	231	2	1377	596	809	907
041812 4	Lubraniec	Włocławski	197	2	2927	1486	818	737
041904 4	Łabiszyn	Żniński	289	3	4501	1557	798	598
040603 4	Łasin	Grudziądzki	479	5	3161	660	734	708
040903 4	Mogilno	Mogileński	832	8	11652	1400	605	360
041002 4	Mrocza	Nakielski	501	5	4298	858	725	619
041003 4	Nakło nad Notecią	Nakielski	1082	11	18026	1666	520	240
040103 1	Nieszawa	Aleksandrowski	979	10	1834	187	556	866
041406 4	Nowe	Świecki	357	3	5724	1603	777	540
040707 4	Pakość	Inowrocławski	346	3	5624	1625	780	545
041105 4	Piotrków Kujawski	Radziejowski	976	9	4392	450	557	610
041101 1	Radziejów	Radziejowski	569	6	5499	966	701	555
040604 4	Radzyń Chełmiński	Grudziądzki	178	2	1784	1002	823	872
041201 1	Rypin	Rypiński	1096	10	15999	1460	515	278
041302 4	Sępólno Krajeńskie	Sępoleński	655	7	9004	1375	674	427
040807 4	Skępe	Lipnowski	748	8	3542	474	639	683
040308 4	Solec Kujawski	Bydgoski	1868	19	15614	836	314	285
040904 4	Strzelno	Mogileński	446	5	5589	1253	749	548
041005 4	Szubin	Nakielski	765	8	9578	1252	631	410
041409 4	Świecie	Świecki	1187	12	25486	2147	487	173
046301 1	Toruń	Toruń	11572	116	198613	1716	24	15
041606 4	Tuchola	Tucholski	1769	18	13534	765	335	326
041701 1	Wąbrzeźno	Wąbrzeski	853	9	13400	1571	599	329
041304 4	Więcbork	Sępoleński	431	4	5900	1369	756	528
046401 1	Włocławek	Włocławek	8508	85	108561	1276	40	34
041906 4	Żnin	Żniński	835	8	13623	1631	604	319
060702 4	Annopol	Kraśnicki	773	8	2436	315	627	795
060901 4	Bełżyce	Lubelski	2346	23	6399	273	236	506
066101 1	Biała Podlaska	Biała Podlaska	4940	49	56942	1153	86	75
060201 1	Biłgoraj	Biłgorajski	2110	21	26114	1238	267	170
060903 4	Bychawa	Lubelski	669	7	4814	720	668	582
066201 1	Chełm	Chełm	3528	35	61135	1733	140	69
061601 1	Dęblin	Rycki	3833	38	15887	414	115	281
060205 4	Frampol	Biłgorajski	467	5	1432	307	741	901
060206 4	Goraj	Biłgorajski	762	8	917	120	632	923
060401 1	Hrubieszów	Hrubieszowski	3303	33	17232	522	155	252
060505 4	Janów Lubelski	Janowski	1480	15	11661	788	402	359
060207 4	Józefów	Biłgorajski	500	5	2473	495	726	789
061202 4	Józefów nad Wisłą	Opolski	365	3	902	247	774	925
060805 4	Kamionka	Lubartowski	589	6	1712	291	694	882
061404 4	Kazimierz Dolny	Puławski	3044	31	2534	83	172	779
060806 4	Kock	Lubartowski	1678	17	3238	193	357	701
062004 4	Krasnobród	Zamojski	699	7	3074	440	658	723
060601 1	Krasnystaw	Krasnostawski	4213	42	18383	436	101	234
060701 1	Kraśnik	Kraśnicki	2610	26	33917	1300	214	135
060801 1	Lubartów	Lubartowski	1391	14	21636	1555	423	202
066301 1	Lublin	Lublin	14747	148	338586	2296	17	9
061805 4	Lubycza Królewska	Tomaszowski	392	4	2424	618	765	797
061806 4	Łaszczów	Tomaszowski	501	5	2111	421	725	835
061003 4	Łęczna	Łęczyński	1900	19	18675	983	308	229
061101 1	Łuków	Łukowski	3575	36	29441	824	138	155
060101 1	Międzyrzec Podlaski	Bialski	2003	20	16667	832	292	269
060506 4	Modliborzyce	Janowski	789	8	1459	185	622	899
061408 4	Nałęczów	Puławski	1382	14	3727	270	426	663
061205 4	Opole Lubelskie	Opolski	1512	15	8320	550	391	448
060810 4	Ostrów Lubelski	Lubartowski	2977	30	2089	70	182	837
061304 4	Parczew	Parczewski	805	8	10555	1311	616	381
061703 4	Piaski	Świdnicki	844	8	2531	300	601	780
061206 4	Poniatowa	Opolski	1526	15	8980	588	388	428
061401 1	Puławy	Puławski	5049	51	46965	930	83	93
061501 1	Radzyń Podlaski	Radzyński	1931	19	15428	799	303	288
060315 4	Rejowiec	Chełmski	650	6	2026	312	676	847
060301 1	Rejowiec Fabryczny	Chełmski	1428	15	4328	303	417	616
061604 4	Ryki	Rycki	2722	28	9531	350	203	414
060311 4	Siedliszcze	Chełmski	1316	13	1406	107	449	905
061102 1	Stoczek Łukowski	Łukowski	915	9	2480	271	579	788
062013 4	Szczebrzeszyn	Zamojski	2912	29	4962	170	184	578
061701 1	Świdnik	Świdnicki	2035	20	38763	1905	283	112
060212 4	Tarnogród	Biłgorajski	1069	11	3304	309	525	699
060102 1	Terespol	Bialski	1011	10	5457	540	546	557
061801 1	Tomaszów Lubelski	Tomaszowski	1329	13	18783	1413	443	227
061812 4	Tyszowce	Tomaszowski	1852	19	2054	111	317	843
060708 4	Urzędów	Kraśnicki	1291	13	1679	130	455	886
061901 1	Włodawa	Włodawski	1797	18	12915	719	326	334
066401 1	Zamość	Zamość	3034	30	62785	2069	175	63
062015 4	Zwierzyniec	Zamojski	619	6	3101	501	683	719
080901 4	Babimost	Zielonogórski	365	4	3901	1069	774	646
080402 4	Bytom Odrzański	Nowosolski	230	2	4244	1845	810	624
080501 4	Cybinka	Słubicki	529	6	2768	523	713	755
080903 4	Czerwieńsk	Zielonogórski	936	9	3947	422	571	645
080601 4	Dobiegniew	Strzelecko-drezdenecki	569	6	3017	530	701	725
080602 4	Drezdenko	Strzelecko-drezdenecki	1072	11	9978	931	524	395
086101 1	Gorzów Wielkopolski	Gorzów Wielkopolski	8572	86	122589	1430	36	29
081001 1	Gozdnica	Żagański	2392	24	2977	124	230	729
080201 1	Gubin	Krośnieński	2068	21	16528	799	277	273
081004 4	Iłowa	Żagański	918	10	3844	419	577	653
081104 4	Jasień	Żarski	479	5	4215	880	734	627
080904 4	Kargowa	Zielonogórski	455	5	3774	829	746	658
080101 1	Kostrzyn nad Odrą	Gorzowski	4614	46	17704	384	96	245
080404 4	Kożuchów	Nowosolski	594	6	9337	1572	693	419
080206 4	Krosno Odrzańskie	Krośnieński	815	8	11155	1369	614	368
080702 4	Lubniewice	Sulęciński	1211	12	2080	172	482	840
081106 4	Lubsko	Żarski	1251	13	13733	1098	468	315
081101 1	Łęknica	Żarski	1643	16	2396	146	364	800
081005 4	Małomice	Żagański	675	7	3496	518	666	687
080302 4	Międzyrzecz	Międzyrzecki	1026	10	17667	1722	538	247
080401 1	Nowa Sól	Nowosolski	2180	22	38191	1752	262	116
080406 4	Nowe Miasteczko	Nowosolski	329	3	2724	828	788	760
080905 4	Nowogród Bobrzański	Zielonogórski	1463	15	5060	346	408	573
080503 4	Ośno Lubuskie	Słubicki	801	8	3896	486	617	649
080407 4	Otyń	Nowosolski	786	8	1641	209	623	889
080504 4	Rzepin	Słubicki	1142	11	6485	568	503	501
080305 4	Skwierzyna	Międzyrzecki	3589	36	9454	263	136	416
081201 4	Sława	Wschowski	1490	14	4268	286	400	621
080505 4	Słubice	Słubicki	1921	19	16623	865	304	270
080604 4	Strzelce Krajeńskie	Strzelecko-drezdenecki	554	6	9833	1775	703	403
080906 4	Sulechów	Zielonogórski	688	7	16592	2412	661	272
080704 4	Sulęcin	Sulęciński	856	9	10005	1169	598	394
081202 4	Szlichtyngowa	Wschowski	155	2	1266	817	828	912
081007 4	Szprotawa	Żagański	1095	11	11530	1053	516	363
080805 4	Świebodzin	Świebodziński	1693	17	21550	1273	352	203
080705 4	Torzym	Sulęciński	911	9	2520	277	580	781
080306 4	Trzciel	Międzyrzecki	304	3	2339	769	794	806
080107 4	Witnica	Gorzowski	824	8	6666	809	609	491
081203 4	Wschowa	Wschowski	925	9	13717	1483	574	316
080806 4	Zbąszynek	Świebodziński	358	4	4997	1396	776	577
086201 1	Zielona Góra	Zielona Góra	27826	277	140892	506	6	24
081002 1	Żagań	Żagański	4038	40	25265	626	108	174
081102 1	Żary	Żarski	3349	33	37052	1106	151	121
102004 4	Aleksandrów Łódzki	Zgierski	1382	14	21754	1574	426	199
100101 1	Bełchatów	Bełchatowski	3464	35	56419	1629	143	76
101302 4	Biała Rawska	Rawski	953	9	3132	329	567	714
101402 4	Błaszki	Sieradzki	162	2	2047	1264	826	844
102101 1	Brzeziny	Brzeziński	2158	22	12365	573	264	348
100702 4	Drzewica	Opoczyński	481	5	3803	791	733	655
100901 4	Działoszyn	Pajęczański	494	5	5746	1163	729	538
102001 1	Głowno	Zgierski	1984	20	13961	704	295	311
101205 4	Kamieńsk	Radomszczański	1199	12	2703	225	484	762
100607 4	Koluszki	Łódzki wschodni	990	11	12776	1291	553	336
100801 1	Konstantynów Łódzki	Pabianicki	2725	27	18335	673	202	237
100204 4	Krośniewice	Kutnowski	418	4	4258	1019	759	623
100201 1	Kutno	Kutnowski	3359	34	43332	1290	150	103
101804 4	Lututów	Wieruszowski	1895	19	2241	118	309	817
100302 4	Łask	Łaski	1567	15	16925	1080	380	260
100401 1	Łęczyca	Łęczycki	895	9	13786	1540	584	313
100501 1	Łowicz	Łowicki	2342	23	27896	1191	237	160
106101 1	Łódź	Łódź	29325	293	672185	2292	4	3
100704 4	Opoczno	Opoczyński	2699	27	20746	769	207	210
102002 1	Ozorków	Zgierski	1546	15	19128	1237	385	223
100802 1	Pabianice	Pabianicki	3299	33	63945	1938	156	60
100904 4	Pajęczno	Pajęczański	2023	20	6651	329	287	494
100406 4	Piątek	Łęczycki	524	5	1690	323	716	885
106201 1	Piotrków Trybunalski	Piotrków Trybunalski	6724	67	72250	1075	65	50
101103 4	Poddębice	Poddębicki	587	6	7245	1234	695	473
101211 4	Przedbórz	Radomszczański	608	6	3458	569	687	690
101201 1	Radomsko	Radomszczański	5143	51	45353	882	79	97
101301 1	Rawa Mazowiecka	Rawski	1430	14	17193	1202	416	253
100610 4	Rzgów	Łódzki wschodni	1677	17	3382	202	358	693
101401 1	Sieradz	Sieradzki	5122	51	41390	808	80	104
106301 1	Skierniewice	Skierniewice	3460	35	47655	1377	145	89
102008 4	Stryków	Zgierski	815	8	3428	421	614	691
101009 4	Sulejów	Piotrkowski	2626	26	6130	233	211	517
101902 4	Szadek	Zduńskowolski	1793	17	1898	106	327	862
101601 1	Tomaszów Mazowiecki	Tomaszowski	4130	42	61338	1485	103	68
100611 4	Tuszyn	Łódzki wschodni	2325	23	7237	311	239	474
101104 4	Uniejów	Poddębicki	1223	12	2957	242	478	731
101409 4	Warta	Sieradzki	1085	11	3208	296	519	705
101709 4	Wieluń	Wieluński	1687	17	21892	1298	353	198
101807 4	Wieruszów	Wieruszowski	597	6	8446	1415	692	447
101011 4	Wolbórz	Piotrkowski	1518	15	2301	152	390	813
101901 1	Zduńska Wola	Zduńskowolski	2457	25	41288	1680	226	105
100108 4	Zelów	Bełchatowski	1075	11	7459	694	522	467
102003 1	Zgierz	Zgierski	4233	42	55673	1315	100	79
101411 4	Złoczew	Sieradzki	1379	14	3340	242	427	696
100211 4	Żychlin	Kutnowski	868	9	7964	918	592	455
120301 4	Alwernia	Chrzanowski	888	9	3336	376	585	697
121801 4	Andrychów	Wadowicki	1033	10	19837	1920	534	218
120502 4	Biecz	Gorlicki	1771	17	4549	257	333	594
120503 4	Bobowa	Gorlicki	718	7	3137	437	651	712
120101 1	Bochnia	Bocheński	2987	30	29554	989	181	153
120202 4	Brzesko	Brzeski	1192	12	16764	1406	486	267
121302 4	Brzeszcze	Oświęcimski	1904	19	11092	583	306	372
121201 1	Bukowno	Olkuski	6459	65	9976	154	69	396
121303 4	Chełmek	Oświęcimski	827	8	8912	1078	608	431
120303 4	Chrzanów	Chrzanowski	3832	38	36118	943	116	126
121601 4	Ciężkowice	Tarnowski	999	11	2447	245	550	791
120203 4	Czchów	Brzeski	1409	14	2323	165	420	809
120402 4	Dąbrowa Tarnowska	Dąbrowski	2320	23	11844	511	240	356
120901 4	Dobczyce	Myślenicki	1297	14	6425	495	454	505
120501 1	Gorlice	Gorlicki	2353	24	26973	1146	235	163
121001 1	Grybów	Nowosądecki	1695	17	5986	353	351	521
121501 1	Jordanów	Suski	2103	21	5152	245	270	568
121803 4	Kalwaria Zebrzydowska	Wadowicki	550	6	4469	813	704	601
121304 4	Kęty	Oświęcimski	2305	23	18443	800	243	232
121402 4	Koszyce	Proszowicki	325	3	775	238	789	928
126101 1	Kraków	Kraków	32685	327	779966	2386	2	2
121007 4	Krynica-Zdrój	Nowosądecki	3968	40	10456	264	111	386
120606 4	Krzeszowice	Krakowski	1697	18	9969	587	350	397
120304 4	Libiąż	Chrzanowski	3585	36	16838	470	137	264
120701 1	Limanowa	Limanowski	1870	19	15067	806	313	296
121506 4	Maków Podhalański	Suski	2012	20	5769	287	289	535
120805 4	Miechów	Miechowski	1549	15	11500	742	384	364
120702 1	Mszana Dolna	Limanowski	2710	27	7899	291	204	456
121011 4	Muszyna	Nowosądecki	2443	24	4737	194	229	587
120903 4	Myślenice	Myślenicki	3022	30	18325	606	177	238
121904 4	Niepołomice	Wielicki	2740	28	14022	512	200	309
121403 4	Nowe Brzesko	Proszowicki	726	8	1654	228	647	887
126201 1	Nowy Sącz	Nowy Sącz	5758	58	83558	1451	76	44
121101 1	Nowy Targ	Nowotarski	5107	51	33257	651	81	136
120106 4	Nowy Wiśnicz	Bocheński	497	5	2763	556	728	756
121205 4	Olkusz	Olkuski	2565	25	34757	1355	218	132
121301 1	Oświęcim	Oświęcimski	3000	30	37569	1252	179	119
121013 4	Piwniczna-Zdrój	Nowosądecki	3830	38	5793	151	117	533
121405 4	Proszowice	Proszowicki	733	7	5977	815	645	522
121112 4	Rabka-Zdrój	Nowotarski	3631	36	12662	349	133	339
121605 4	Radłów	Tarnowski	1683	17	2757	164	355	757
121606 4	Ryglice	Tarnowski	2515	25	2830	113	223	750
120610 4	Skała	Krakowski	297	3	3755	1264	796	659
120611 4	Skawina	Krakowski	2050	20	24366	1189	280	178
120612 4	Słomniki	Krakowski	343	3	4293	1252	782	620
121016 4	Stary Sącz	Nowosądecki	1500	15	9016	601	397	426
121502 1	Sucha Beskidzka	Suski	2765	28	9044	327	197	425
120907 4	Sułkowice	Myślenicki	1646	16	6658	404	363	492
121102 4	Szczawnica	Nowotarski	3290	33	5655	172	158	544
120407 4	Szczucin	Dąbrowski	685	7	4154	606	663	631
120614 4	Świątniki Górne	Krakowski	444	4	2441	550	751	792
126301 1	Tarnów	Tarnów	7238	72	107498	1485	59	35
120305 4	Trzebinia	Chrzanowski	3194	32	19507	611	166	219
121610 4	Tuchów	Tarnowski	1810	18	6510	360	323	499
121809 4	Wadowice	Wadowicki	1054	11	18379	1744	530	235
121905 4	Wieliczka	Wielicki	1341	13	24215	1806	438	179
121613 4	Wojnicz	Tarnowski	850	8	3310	389	600	698
121207 4	Wolbrom	Olkuski	1012	10	8480	838	545	445
121614 4	Zakliczyn	Tarnowski	402	4	1628	405	763	890
121701 1	Zakopane	Tatrzański	8426	84	26846	319	42	164
121309 4	Zator	Oświęcimski	1152	12	3616	314	499	673
121615 4	Żabno	Tarnowski	1113	11	4184	376	510	630
140101 4	Białobrzegi	Białobrzeski	751	8	6853	913	637	485
143701 4	Bieżuń	Żuromiński	1207	12	1829	152	483	867
143201 4	Błonie	Warszawski zachodni	909	9	12134	1335	581	351
141604 4	Brok	Ostrowski	2806	28	1904	68	193	860
142103 4	Brwinów	Pruszkowski	1468	15	13710	934	406	317
142202 4	Chorzele	Przasnyski	1751	18	3100	177	337	720
140201 1	Ciechanów	Ciechanowski	3278	33	43883	1339	159	101
142004 4	Czerwińsk nad Wisłą	Płoński	548	5	1010	184	705	920
141905 4	Drobin	Płocki	965	10	2821	292	563	752
140301 1	Garwolin	Garwoliński	2208	22	17548	795	256	250
141906 4	Gąbin	Płocki	2795	28	4082	146	195	638
140203 4	Glinojeck	Ciechanowski	737	7	2976	404	643	730
140401 1	Gostynin	Gostyniński	3240	32	18355	567	162	236
141801 4	Góra Kalwaria	Piaseczyński	1367	14	11988	877	429	354
140504 4	Grodzisk Mazowiecki	Grodziski	1319	14	32452	2460	447	141
140605 4	Grójec	Grójecki	857	8	16785	1959	597	266
141207 4	Halinów	Miński	284	3	3714	1308	799	664
142503 4	Iłża	Radomski	1583	17	4642	293	377	589
141701 1	Józefów	Otwocki	2391	24	20741	867	231	211
141209 4	Kałuszyn	Miński	1230	12	2862	233	476	746
141704 4	Karczew	Otwocki	2812	28	9811	349	192	405
143401 1	Kobyłka	Wołomiński	1964	20	25149	1280	299	175
141802 4	Konstancin-Jeziorna	Piaseczyński	1774	18	16889	952	331	262
142905 4	Kosów Lacki	Sokołowski	1157	11	2071	179	497	842
140705 4	Kozienice	Kozienicki	1045	10	16877	1615	531	263
140801 1	Legionowo	Legionowski	1354	14	53529	3953	433	82
140903 4	Lipsko	Lipski	1570	16	5377	342	378	561
143703 4	Lubowidz	Żuromiński	527	6	1645	312	714	888
140302 1	Łaskarzew	Garwoliński	1535	15	4809	313	386	583
143305 4	Łochów	Węgrowski	1339	13	6822	509	439	486
143205 4	Łomianki	Warszawski zachodni	840	8	17080	2033	602	254
141002 4	Łosice	Łosicki	2374	24	7023	296	232	480
141101 1	Maków Mazowiecki	Makowski	1028	10	9575	931	537	411
143402 1	Marki	Wołomiński	2615	26	36816	1408	213	125
140501 1	Milanówek	Grodziski	1344	13	16478	1226	436	274
141201 1	Mińsk Mazowiecki	Miński	1318	13	40916	3104	448	108
141301 1	Mława	Mławski	3480	35	31129	895	142	146
140607 4	Mogielnica	Grójecki	1298	13	2193	169	453	824
142605 4	Mordy	Siedlecki	454	5	1710	377	747	883
141212 4	Mrozy	Miński	773	8	3586	464	627	677
143802 4	Mszczonów	Żyrardowski	856	9	6290	735	598	511
141508 4	Myszyniec	Ostrołęcki	1122	11	3397	303	507	692
141404 4	Nasielsk	Nowodworski	1257	13	7650	609	465	460
140608 4	Nowe Miasto nad Pilicą	Grójecki	1125	11	3672	326	505	667
141401 1	Nowy Dwór Mazowiecki	Nowodworski	2821	28	28691	1017	190	159
146101 1	Ostrołęka	Ostrołęka	3346	33	51656	1544	152	83
141601 1	Ostrów Mazowiecka	Ostrowski	2227	22	22216	998	254	193
141702 1	Otwock	Otwocki	4731	47	44317	937	90	99
143206 4	Ożarów Mazowiecki	Warszawski zachodni	813	8	12432	1529	615	344
141804 4	Piaseczno	Piaseczyński	1622	16	48670	3001	367	88
142101 1	Piastów	Pruszkowski	576	6	22559	3916	699	190
140310 4	Pilawa	Garwoliński	666	7	4564	685	670	592
142501 1	Pionki	Radomski	1840	18	17902	973	319	242
146201 1	Płock	Płock	8804	88	118268	1343	35	32
142001 1	Płońsk	Płoński	1160	12	21924	1890	495	196
140502 1	Podkowa Leśna	Grodziski	1013	10	3801	375	544	656
142102 1	Pruszków	Pruszkowski	1919	19	62623	3263	305	64
142201 1	Przasnysz	Przasnyski	2516	25	17055	678	222	255
142306 4	Przysucha	Przysuski	702	7	5769	822	656	535
142404 4	Pułtusk	Pułtuski	2307	23	19294	836	242	221
142002 1	Raciąż	Płoński	840	8	4390	523	602	612
146301 1	Radom	Radom	11180	112	209296	1872	25	14
143409 4	Radzymin	Wołomiński	2339	23	13313	569	238	332
141107 4	Różan	Makowski	666	7	2698	405	670	763
140404 4	Sanniki	Gostyniński	1176	12	1932	164	492	853
140804 4	Serock	Legionowski	1343	13	4658	347	437	588
146401 1	Siedlce	Siedlce	3186	32	77813	2442	167	46
142701 1	Sierpc	Sierpecki	1859	19	17788	957	315	244
142510 4	Skaryszew	Radomski	2749	27	4310	157	199	618
142801 1	Sochaczew	Sochaczewski	2619	26	35891	1370	212	127
142011 4	Sochocin	Płoński	683	7	1900	278	665	861
142901 1	Sokołów Podlaski	Sokołowski	1751	18	18814	1074	337	226
140906 4	Solec nad Wisłą	Lipski	2091	21	939	45	274	922
141215 1	Sulejówek	Miński	1931	19	19951	1033	303	217
143005 4	Szydłowiec	Szydłowiecki	2189	22	11557	528	260	362
141806 4	Tarczyn	Piaseczyński	523	5	4150	793	717	632
143411 4	Tłuszcz	Wołomiński	791	8	8167	1032	621	450
140611 4	Warka	Grójecki	2677	27	11926	445	209	355
146501 1	Warszawa	Warszawa	51724	517	1794166	3469	1	1
143301 1	Węgrów	Węgrowski	3551	36	12452	351	139	342
143805 4	Wiskitki	Żyrardowski	661	7	1347	204	672	910
143412 4	Wołomin	Wołomiński	1724	17	36848	2137	342	124
143505 4	Wyszków	Wyszkowski	2078	21	26980	1298	275	162
141915 4	Wyszogród	Płocki	1297	13	2569	198	454	775
140106 4	Wyśmierzyce	Białobrzeski	1684	17	896	53	354	926
141406 4	Zakroczym	Nowodworski	1997	20	3149	158	293	710
143403 1	Ząbki	Wołomiński	1098	11	38546	3511	514	113
143404 1	Zielonka	Wołomiński	7948	79	17486	220	52	251
143605 4	Zwoleń	Zwoleński	1591	16	7660	481	374	459
140314 4	Żelechów	Garwoliński	1213	12	3895	321	481	650
143706 4	Żuromin	Żuromiński	1118	11	8756	783	509	435
143801 1	Żyrardów	Żyrardowski	1435	14	39550	2756	414	111
160201 4	Baborów	Głubczycki	1186	12	2861	241	488	747
161001 4	Biała	Prudnicki	1472	15	2390	162	405	802
160101 1	Brzeg	Brzeski	1461	15	35226	2411	409	130
160401 4	Byczyna	Kluczborski	579	6	3532	610	697	686
160801 4	Dobrodzień	Oleski	1953	19	3665	188	300	669
161002 4	Głogówek	Prudnicki	2206	22	5563	252	257	550
160203 4	Głubczyce	Głubczycki	1254	13	12441	992	466	343
160701 4	Głuchołazy	Nyski	683	6	13388	1960	665	330
160501 4	Gogolin	Krapkowicki	2035	21	6765	332	283	487
160802 4	Gorzów Śląski	Oleski	1854	19	2439	132	316	793
160103 4	Grodków	Brzeski	988	9	8501	860	554	444
160301 1	Kędzierzyn-Koźle	Kędzierzyńsko-kozielski	12371	124	60021	485	22	71
160204 4	Kietrz	Głubczycki	1874	19	5874	313	312	529
160402 4	Kluczbork	Kluczborski	1235	12	23254	1883	475	185
161103 4	Kolonowskie	Strzelecki	5570	56	3296	59	78	700
160703 4	Korfantów	Nyski	1023	10	1771	173	541	874
160502 4	Krapkowice	Krapkowicki	2101	21	15962	760	271	280
161104 4	Leśnica	Strzelecki	1450	15	2564	177	410	776
160104 4	Lewin Brzeski	Brzeski	1164	12	5696	489	494	542
160602 4	Namysłów	Namysłowski	2261	23	16622	735	246	271
160907 4	Niemodlin	Opolski	1311	13	6223	475	450	514
160705 4	Nysa	Nyski	2751	28	43356	1576	198	102
160803 4	Olesno	Oleski	1508	15	9353	620	392	418
166101 1	Opole	Opole	14888	149	127839	859	15	27
160706 4	Otmuchów	Nyski	4954	50	6474	131	84	502
160908 4	Ozimek	Opolski	325	3	8480	2609	789	445
160707 4	Paczków	Nyski	660	7	7366	1116	673	471
160804 4	Praszka	Oleski	935	9	7515	804	572	464
160910 4	Prószków	Opolski	1622	16	2561	158	367	777
161004 4	Prudnik	Prudnicki	2050	20	20671	1008	280	213
161105 4	Strzelce Opolskie	Strzelecki	2997	30	17657	589	180	249
160912 4	Tułowice	Opolski	923	9	4026	436	575	640
161106 4	Ujazd	Strzelecki	1476	15	1734	117	403	878
160404 4	Wołczyn	Kluczborski	747	7	5787	775	640	534
161107 4	Zawadzkie	Strzelecki	1646	16	7032	427	363	478
160505 4	Zdzieszowice	Krapkowicki	1235	12	11246	911	475	366
182001 4	Baranów Sandomierski	Tarnobrzeski	915	9	1430	156	579	902
181602 4	Błażowa	Rzeszowski	423	4	2148	508	758	829
181603 4	Boguchwała	Rzeszowski	911	8	6140	674	580	516
180302 4	Brzostek	Dębicki	876	9	2749	314	589	758
180201 4	Brzozów	Brzozowski	1146	11	7425	648	502	468
180902 4	Cieszanów	Lubaczowski	1506	15	1922	128	394	855
180301 1	Dębica	Dębicki	3383	34	45189	1336	149	98
181302 4	Dubiecko	Przemyski	239	2	866	362	804	927
180702 4	Dukla	Krośnieński	548	5	2044	373	705	845
181601 1	Dynów	Rzeszowski	2455	25	6063	247	227	520
181606 4	Głogów Małopolski	Rzeszowski	3820	38	9800	257	118	406
180703 4	Iwonicz-Zdrój	Krośnieński	589	6	1742	296	694	877
180401 1	Jarosław	Jarosławski	3461	35	37073	1071	144	120
180501 1	Jasło	Jasielski	3652	37	34542	946	132	133
180704 4	Jedlicze	Krośnieński	1060	11	5658	534	529	543
181405 4	Kańczuga	Przeworski	760	8	3131	412	633	715
180602 4	Kolbuszowa	Kolbuszowski	798	8	8922	1118	618	429
180505 4	Kołaczyce	Jasielski	715	7	1427	200	652	903
186101 1	Krosno	Krosno	4472	45	45948	1027	97	96
182103 4	Lesko	Leski	1533	15	5406	353	387	559
180801 1	Leżajsk	Leżajski	2058	21	13585	660	278	322
180901 1	Lubaczów	Lubaczowski	2573	26	11830	460	216	357
181001 1	Łańcut	Łańcucki	1942	19	17675	910	302	246
181101 1	Mielec	Mielecki	4689	47	60075	1281	92	70
180905 4	Narol	Lubaczowski	1242	12	2040	164	469	846
181205 4	Nisko	Niżański	6096	61	15193	249	71	293
182004 4	Nowa Dęba	Tarnobrzeski	1670	17	11006	659	359	377
180805 4	Nowa Sarzyna	Leżajski	915	9	5740	627	579	539
180906 4	Oleszyce	Lubaczowski	508	5	2948	580	721	733
180306 4	Pilzno	Dębicki	1604	16	4958	309	372	579
180407 4	Pruchnik	Jarosławski	1990	20	3740	188	294	661
181107 4	Przecław	Mielecki	1604	16	1788	111	372	871
186201 1	Przemyśl	Przemyśl	4617	46	59779	1295	95	72
181401 1	Przeworsk	Przeworski	2213	22	15105	683	255	295
181108 4	Radomyśl Wielki	Mielecki	879	9	3225	367	588	702
180402 1	Radymno	Jarosławski	1362	14	5214	383	431	566
181503 4	Ropczyce	Ropczycko-sędziszowski	4710	47	15864	337	91	283
181206 4	Rudnik nad Sanem	Niżański	3660	37	6677	182	131	490
180708 4	Rymanów	Krośnieński	1239	12	3774	305	472	658
186301 1	Rzeszów	Rzeszów	12901	129	197863	1534	20	16
181701 1	Sanok	Sanocki	3808	38	36999	972	120	122
181504 4	Sędziszów Małopolski	Ropczycko-sędziszowski	3699	37	12415	336	127	345
181407 4	Sieniawa	Przeworski	674	7	2132	316	667	832
181611 4	Sokołów Małopolski	Rzeszowski	1554	16	4210	271	382	628
181801 1	Stalowa Wola	Stalowowolski	8252	83	59623	723	45	73
181904 4	Strzyżów	Strzyżowski	1389	14	8781	632	424	434
186401 1	Tarnobrzeg	Tarnobrzeg	8540	85	46360	543	37	94
181614 4	Tyczyn	Rzeszowski	967	9	3983	412	562	642
181207 4	Ulanów	Niżański	820	8	1427	174	612	903
180108 4	Ustrzyki Dolne	Bieszczadzki	1679	17	8917	531	356	430
181707 4	Zagórz	Sanocki	2229	22	5093	228	252	572
181805 4	Zaklików	Stalowowolski	1142	11	2954	259	503	732
200101 1	Augustów	Augustowski	8090	81	29946	370	48	150
206101 1	Białystok	Białystok	10213	102	296958	2908	30	10
200301 1	Bielsk Podlaski	Bielski	2701	27	25044	927	206	176
200302 1	Brańsk	Bielski	3243	32	3694	114	161	665
200201 4	Choroszcz	Białostocki	1679	17	5926	353	356	526
201302 4	Ciechanowiec	Wysokomazowiecki	1953	20	4587	235	300	590
200202 4	Czarna Białostocka	Białostocki	1428	14	9198	644	417	423
201303 4	Czyżew	Wysokomazowiecki	523	5	2646	506	717	769
201101 4	Dąbrowa Białostocka	Sokólski	2264	23	5402	239	245	560
201002 4	Drohiczyn	Siemiatycki	1569	16	1932	123	379	853
200801 4	Goniądz	Moniecki	428	4	1819	425	757	868
200401 1	Grajewo	Grajewski	1894	19	21709	1146	310	200
200501 1	Hajnówka	Hajnowski	2129	21	20265	952	266	214
200701 4	Jedwabne	Łomżyński	454	4	1607	354	747	893
200507 4	Kleszczele	Hajnowski	4671	47	1216	26	93	914
200804 4	Knyszyn	Moniecki	2368	24	2726	115	233	759
200601 1	Kolno	Kolneński	2507	25	10143	405	224	391
201104 4	Krynki	Sokólski	383	4	2313	604	767	810
200104 4	Lipsk	Augustowski	498	5	2250	452	727	816
200206 4	Łapy	Białostocki	1214	12	15412	1270	480	289
206201 1	Łomża	Łomża	3267	33	62573	1915	160	65
200207 4	Michałowo	Białostocki	215	2	2983	1387	816	727
200806 4	Mońki	Moniecki	766	8	9933	1297	630	398
200704 4	Nowogród	Łomżyński	2055	21	2150	105	279	828
200404 4	Rajgród	Grajewski	3528	35	1539	44	140	896
200901 1	Sejny	Sejneński	449	4	5159	1149	748	567
201001 1	Siemiatycze	Siemiatycki	3625	36	14210	392	134	307
201108 4	Sokółka	Sokólski	1859	19	17967	966	315	241
200605 4	Stawiski	Kolneński	1324	13	2159	163	444	826
201109 4	Suchowola	Sokólski	2595	26	2137	82	215	830
200209 4	Supraśl	Białostocki	569	6	4582	805	701	591
200210 4	Suraż	Białostocki	3386	34	983	29	148	921
206301 1	Suwałki	Suwałki	6551	66	69639	1063	67	54
200405 4	Szczuczyn	Grajewski	1323	13	3341	253	445	695
201309 4	Szepietowo	Wysokomazowiecki	284	3	2157	760	799	827
200212 4	Tykocin	Białostocki	2897	29	1966	68	185	851
200213 4	Wasilków	Białostocki	2826	28	11802	418	189	358
201301 1	Wysokie Mazowieckie	Wysokomazowiecki	1524	15	9336	613	389	420
200214 4	Zabłudów	Białostocki	1430	14	2490	174	416	786
201401 1	Zambrów	Zambrowski	1902	19	21921	1153	307	197
220202 4	Brusy	Chojnicki	520	5	5221	1004	718	565
220102 4	Bytów	Bytowski	872	9	16833	1930	591	265
220201 1	Chojnice	Chojnicki	2104	21	39647	1884	269	110
221301 4	Czarna Woda	Starogardzki	994	10	2763	278	551	756
220302 4	Czarne	Człuchowski	4643	46	5830	126	94	532
220204 4	Czersk	Chojnicki	973	10	9900	1017	558	399
220301 1	Człuchów	Człuchowski	1278	13	13479	1055	459	327
220304 4	Debrzno	Człuchowski	751	7	5020	668	637	576
221601 4	Dzierzgoń	Sztumski	390	4	5320	1364	766	562
226101 1	Gdańsk	Gdańsk	26196	262	470805	1797	7	6
226201 1	Gdynia	Gdynia	13514	135	244969	1813	18	12
221402 4	Gniew	Tczewski	604	7	6608	1094	689	496
221101 1	Hel	Pucki	2295	23	3212	140	244	704
221102 4	Jastarnia	Pucki	506	5	2679	529	723	765
220502 4	Kartuzy	Kartuski	735	7	14276	1942	644	305
221205 4	Kępice	Słupski	611	6	3558	582	686	681
220601 1	Kościerzyna	Kościerski	1586	16	23778	1499	376	181
221001 1	Krynica Morska	Nowodworski	11856	118	1290	11	23	911
220701 1	Kwidzyn	Kwidzyński	2154	22	38329	1779	265	115
220801 1	Lębork	Lęborski	1786	18	35101	1965	329	131
220802 1	Łeba	Lęborski	1656	17	3541	214	361	684
220901 1	Malbork	Malborski	1716	17	38101	2220	346	117
220106 4	Miastko	Bytowski	568	6	10211	1798	702	390
221002 4	Nowy Dwór Gdański	Nowodworski	507	5	9862	1945	722	402
220907 4	Nowy Staw	Malborski	467	5	4226	905	741	626
221404 4	Pelplin	Tczewski	442	4	7597	1719	752	463
220704 4	Prabuty	Kwidzyński	729	7	8625	1183	646	440
220401 1	Pruszcz Gdański	Gdański	1647	16	31578	1917	362	144
221103 1	Puck	Pucki	479	5	11139	2325	734	370
221501 1	Reda	Wejherowski	3346	34	26707	798	152	166
221502 1	Rumia	Wejherowski	3010	30	49536	1646	178	84
221309 4	Skarszewy	Starogardzki	1079	11	7015	650	521	481
221302 1	Skórcz	Starogardzki	363	4	3603	993	775	675
226301 1	Słupsk	Słupsk	4315	43	89780	2081	99	42
226401 1	Sopot	Sopot	1728	17	35286	2042	341	129
221303 1	Starogard Gdański	Starogardzki	2528	25	47272	1870	221	92
221605 4	Sztum	Sztumski	459	5	9798	2135	744	407
221401 1	Tczew	Tczewski	2238	22	59430	2655	250	74
221201 1	Ustka	Słupski	1019	10	15199	1492	542	292
221503 1	Wejherowo	Wejherowski	2699	27	49099	1819	207	86
221104 4	Władysławowo	Pucki	1367	13	9830	719	429	404
220508 4	Żukowo	Kartuski	473	5	6728	1422	738	489
240101 1	Będzin	Będziński	3737	37	56008	1499	124	78
246101 1	Bielsko-Biała	Bielsko-Biała	12451	125	169756	1363	21	22
241401 1	Bieruń	Bieruńsko-lędziński	4049	40	19375	479	107	220
240401 4	Blachownia	Częstochowski	3666	36	9457	258	130	415
246201 1	Bytom	Bytom	6944	69	163255	2351	62	23
246301 1	Chorzów	Chorzów	3324	33	106846	3214	154	36
240301 1	Cieszyn	Cieszyński	2861	29	33981	1188	187	134
240204 4	Czechowice-Dziedzice	Bielski	3291	33	35839	1089	157	128
240102 1	Czeladź	Będziński	1638	16	31039	1895	366	147
241201 4	Czerwionka-Leszczyny	Rybnicki	3763	38	27888	741	122	161
246401 1	Częstochowa	Częstochowa	15971	160	217530	1362	13	13
246501 1	Dąbrowa Górnicza	Dąbrowa Górnicza	18873	189	118285	627	10	31
246601 1	Gliwice	Gliwice	13388	134	177049	1322	19	19
241402 1	Imielin	Bieruńsko-lędziński	2799	28	9269	331	194	422
246701 1	Jastrzębie-Zdrój	Jastrzębie-Zdrój	8533	85	88038	1032	38	43
246801 1	Jaworzno	Jaworzno	15259	153	90368	592	14	41
241301 1	Kalety	Tarnogórski	7629	76	8548	112	55	442
246901 1	Katowice	Katowice	16464	165	290553	1765	12	11
240601 4	Kłobuck	Kłobucki	4746	47	12756	269	89	337
240501 1	Knurów	Gliwicki	3395	34	37801	1113	146	118
240406 4	Koniecpol	Częstochowski	3692	37	5846	158	128	531
240902 4	Koziegłowy	Myszkowski	2671	27	2438	91	210	794
241103 4	Krzanowice	Raciborski	308	4	2134	693	793	831
240602 4	Krzepice	Kłobucki	2766	28	4361	158	196	614
241105 4	Kuźnia Raciborska	Raciborski	3149	31	5230	166	170	564
241403 1	Lędziny	Bieruńsko-lędziński	3165	32	16731	529	169	268
240701 1	Lubliniec	Lubliniecki	8936	89	23551	264	33	184
240801 1	Łaziska Górne	Mikołowski	2011	20	22130	1100	290	194
241605 4	Łazy	Zawierciański	860	9	6744	784	596	488
241302 1	Miasteczko Śląskie	Tarnogórski	6783	68	7418	109	64	469
240802 1	Mikołów	Mikołowski	7921	79	41003	518	53	106
247001 1	Mysłowice	Mysłowice	6562	66	74559	1136	66	47
240901 1	Myszków	Myszkowski	7359	74	31261	425	58	145
241606 4	Ogrodzieniec	Zawierciański	2856	29	4243	149	188	625
240803 1	Orzesze	Mikołowski	8371	84	21290	254	44	206
247101 1	Piekary Śląskie	Piekary Śląskie	3998	40	54702	1368	110	80
241607 4	Pilica	Zawierciański	822	8	1917	233	611	857
241601 1	Poręba	Zawierciański	3999	40	8461	212	109	446
241005 4	Pszczyna	Pszczyński	2249	22	25702	1143	248	171
241501 1	Pszów	Wodzisławski	2044	20	13734	672	282	314
240502 1	Pyskowice	Gliwicki	3089	31	18455	597	171	231
241101 1	Racibórz	Raciborski	7501	75	54259	723	57	81
241502 1	Radlin	Wodzisławski	1253	13	17665	1410	467	248
241303 1	Radzionków	Tarnogórski	1320	13	16903	1281	446	261
247201 1	Ruda Śląska	Ruda Śląska	7773	78	136423	1755	54	26
247301 1	Rybnik	Rybnik	14836	148	137128	924	16	25
241503 1	Rydułtowy	Wodzisławski	1495	15	21385	1430	398	204
247401 1	Siemianowice Śląskie	Siemianowice Śląskie	2550	25	66270	2599	219	58
240107 4	Siewierz	Będziński	3866	39	5544	143	114	551
240310 4	Skoczów	Cieszyński	985	10	14116	1433	555	308
240108 1	Sławków	Będziński	3667	37	6935	189	129	484
247501 1	Sosnowiec	Sosnowiec	9106	91	197586	2170	32	17
240506 4	Sośnicowice	Gliwicki	1167	11	1927	165	493	854
240311 4	Strumień	Cieszyński	629	6	3659	582	679	670
241608 4	Szczekociny	Zawierciański	1803	18	3532	196	325	686
240201 1	Szczyrk	Bielski	3928	39	5711	145	112	541
247601 1	Świętochłowice	Świętochłowice	1331	13	49108	3690	442	85
241304 1	Tarnowskie Góry	Tarnogórski	8388	84	61756	736	43	67
240507 4	Toszek	Gliwicki	971	10	3569	368	559	680
247701 1	Tychy	Tychy	8181	82	126871	1551	47	28
240302 1	Ustroń	Cieszyński	5903	59	15989	271	74	279
240209 4	Wilamowice	Bielski	1036	10	3142	303	532	711
240303 1	Wisła	Cieszyński	11017	109	11007	100	26	376
241504 1	Wodzisław Śląski	Wodzisławski	4951	50	47576	961	85	91
240103 1	Wojkowice	Będziński	1279	13	8877	694	458	432
240708 4	Woźniki	Lubliniecki	7101	71	4298	61	61	619
247801 1	Zabrze	Zabrze	8040	80	170924	2126	49	21
241602 1	Zawiercie	Zawierciański	8525	85	48703	571	39	87
240905 4	Żarki	Myszkowski	2544	25	4538	178	220	595
247901 1	Żory	Żory	6464	65	62844	972	68	62
241701 1	Żywiec	Żywiecki	5054	51	30733	608	82	149
260402 4	Bodzentyn	Kielecki	865	8	2190	253	593	825
260101 4	Busko-Zdrój	Buski	1228	12	15611	1271	477	286
260403 4	Chęciny	Kielecki	1413	14	4394	311	419	609
260404 4	Chmielnik	Kielecki	780	8	3596	461	625	676
260704 4	Ćmielów	Ostrowiecki	1334	14	2984	224	441	726
260405 4	Daleszyce	Kielecki	1550	16	2856	184	383	748
260801 4	Działoszyce	Pińczowski	192	2	902	470	820	925
260202 4	Jędrzejów	Jędrzejowski	1137	11	14812	1303	504	298
260303 4	Kazimierza Wielka	Kazimierski	614	6	5429	884	685	558
266101 1	Kielce	Kielce	10965	110	193415	1764	27	18
260903 4	Klimontów	Sandomierski	466	4	1884	404	742	864
260503 4	Końskie	Konecki	1770	18	18878	1067	334	225
260904 4	Koprzywnica	Sandomierski	1790	18	2431	136	328	796
260705 4	Kunów	Ostrowiecki	726	7	2883	397	647	742
260407 4	Łagów	Kielecki	822	8	1543	188	611	895
260203 4	Małogoszcz	Jędrzejowski	968	10	3670	379	561	668
260412 4	Morawica	Kielecki	438	4	1708	390	753	884
260413 4	Nowa Słupia	Kielecki	1397	14	1356	97	422	908
260103 4	Nowy Korczyn	Buski	745	8	904	121	641	924
261203 4	Oleśnica	Staszowski	1004	10	1809	180	549	870
260304 4	Opatowiec	Kazimierski	547	6	336	61	706	930
260604 4	Opatów	Opatowski	936	9	6374	681	571	507
261204 4	Osiek	Staszowski	1743	18	1970	113	339	850
260701 1	Ostrowiec Świętokrzyski	Ostrowiecki	4643	46	67404	1452	94	57
260605 4	Ożarów	Opatowski	779	8	4451	571	626	604
260104 4	Pacanów	Buski	713	7	1132	159	653	917
260415 4	Pierzchnica	Kielecki	693	7	1160	167	660	916
260804 4	Pińczów	Pińczowski	1433	14	10524	734	415	383
261205 4	Połaniec	Staszowski	1741	17	7988	459	340	453
260504 4	Radoszyce	Konecki	1717	17	3095	180	345	721
260901 1	Sandomierz	Sandomierski	2869	29	22997	802	186	186
260206 4	Sędziszów	Jędrzejowski	792	8	6359	803	620	509
260305 4	Skalbmierz	Kazimierski	713	7	1263	177	653	913
261001 1	Skarżysko-Kamienna	Skarżyski	6439	64	44260	687	70	100
261101 1	Starachowice	Starachowicki	3182	32	47638	1497	168	90
261207 4	Staszów	Staszowski	2688	27	14534	541	208	301
260508 4	Stąporków	Konecki	1094	11	5569	509	517	549
260106 4	Stopnica	Buski	455	4	1414	311	746	904
261005 4	Suchedniów	Skarżyski	5940	60	8248	139	73	449
261208 4	Szydłów	Staszowski	1621	16	1095	68	368	918
261105 4	Wąchock	Starachowicki	1602	16	2724	170	373	760
260108 4	Wiślica	Buski	471	5	506	107	739	929
261306 4	Włoszczowa	Włoszczowski	3030	30	9798	323	176	407
260209 4	Wodzisław	Jędrzejowski	794	8	1082	136	619	919
260909 4	Zawichost	Sandomierski	2029	20	1713	84	285	881
281401 4	Barczewo	Olsztyński	458	5	7509	1640	745	465
280101 1	Bartoszyce	Bartoszycki	1179	11	22984	1949	490	187
281601 4	Biała Piska	Piski	324	4	4047	1249	790	639
281402 4	Biskupiec	Olsztyński	500	5	10628	2126	726	380
280104 4	Bisztynek	Bartoszycki	216	2	2328	1078	815	808
280201 1	Braniewo	Braniewski	1241	12	16974	1368	470	258
281403 4	Dobre Miasto	Olsztyński	486	5	10010	2060	731	393
280301 1	Działdowo	Działdowski	1147	11	21145	1844	501	208
286101 1	Elbląg	Elbląg	7982	80	118582	1486	51	30
280501 1	Ełk	Ełcki	2105	21	61903	2941	268	66
280203 4	Frombork	Braniewski	759	8	2305	304	634	812
280601 1	Giżycko	Giżycki	1372	14	28964	2111	428	157
281803 4	Gołdap	Gołdapski	1720	17	13600	791	344	321
280102 1	Górowo Iławeckie	Bartoszycki	332	3	3887	1171	787	651
280701 1	Iława	Iławski	2188	22	33206	1518	261	137
281406 4	Jeziorany	Olsztyński	341	3	3135	919	783	713
280801 1	Kętrzyn	Kętrzyński	1035	10	26788	2588	533	165
280704 4	Kisielice	Iławski	337	3	2081	618	785	839
280804 4	Korsze	Kętrzyński	403	4	4145	1029	762	634
280304 4	Lidzbark	Działdowski	568	6	7635	1344	702	461
280901 1	Lidzbark Warmiński	Lidzbarski	1435	14	15489	1079	414	287
280702 1	Lubawa	Iławski	1684	17	10374	616	354	388
281002 4	Mikołajki	Mrągowski	932	9	3741	401	573	660
281506 4	Miłakowo	Ostródzki	876	9	2540	290	589	778
281507 4	Miłomłyn	Ostródzki	1238	12	2421	196	473	798
280406 4	Młynary	Elbląski	276	3	1763	639	800	876
281508 4	Morąg	Ostródzki	611	6	13459	2203	686	328
281001 1	Mrągowo	Mrągowski	1481	15	21302	1438	401	205
281104 4	Nidzica	Nidzicki	686	7	13547	1975	662	325
281201 1	Nowe Miasto Lubawskie	Nowomiejski	1137	11	10709	942	504	378
281304 4	Olecko	Olecki	1154	12	16364	1418	498	276
286201 1	Olsztyn	Olsztyn	8833	88	171249	1939	34	20
281409 4	Olsztynek	Olsztyński	769	8	7491	974	628	466
280905 4	Orneta	Lidzbarski	963	10	8648	898	564	438
281602 4	Orzysz	Piski	817	8	5526	676	613	554
281501 1	Ostróda	Ostródzki	1415	14	32714	2312	418	140
280407 4	Pasłęk	Elbląski	1064	11	12117	1139	526	352
281704 4	Pasym	Szczycieński	1518	15	2498	165	390	784
280205 4	Pieniężno	Braniewski	381	4	2679	703	769	765
281603 4	Pisz	Piski	1008	10	19029	1888	547	224
280805 4	Reszel	Kętrzyński	382	4	4535	1187	768	596
281604 4	Ruciane-Nida	Piski	1707	17	4434	260	347	607
280608 4	Ryn	Giżycki	414	4	2827	683	760	751
280106 4	Sępopol	Bartoszycki	463	5	1883	407	743	865
280706 4	Susz	Iławski	667	7	5529	829	669	553
281701 1	Szczytno	Szczycieński	1062	11	22813	2148	527	188
280409 4	Tolkmicko	Elbląski	229	2	2644	1155	811	770
281903 4	Węgorzewo	Węgorzewski	1088	11	11144	1024	518	369
281708 4	Wielbark	Szczycieński	1842	18	2981	162	318	728
280707 4	Zalewo	Iławski	822	8	2129	259	611	833
302201 4	Bojanowo	Rawicki	234	2	2915	1246	807	739
300401 4	Borek Wielkopolski	Gostyński	629	7	2500	397	679	783
300102 4	Budzyń	Chodzieski	4059	41	4475	110	106	600
302103 4	Buk	Poznański	296	3	5948	2009	797	524
302001 4	Chocz	Pleszewski	688	7	1769	257	661	875
300101 1	Chodzież	Chodzieski	1277	13	18229	1427	460	239
300201 1	Czarnków	Czarnkowsko-trzcianecki	1017	10	10464	1029	543	385
301102 4	Czempiń	Kościański	332	3	4932	1486	787	580
300302 4	Czerniejewo	Gnieźnieński	1019	10	2671	262	542	767
300904 4	Dąbie	Kolski	880	9	1982	225	587	849
302703 4	Dobra	Turecki	184	2	1352	735	822	909
302003 4	Dobrzyca	Pleszewski	1970	20	3112	158	298	718
302602 4	Dolsk	Śremski	620	6	1553	250	682	894
300301 1	Gniezno	Gnieźnieński	4060	41	67570	1664	105	56
301001 4	Golina	Koniński	352	4	4450	1264	778	605
302803 4	Gołańcz	Wągrowiecki	1264	13	3158	250	463	709
300402 4	Gostyń	Gostyński	1109	11	20250	1826	511	215
301803 4	Grabów nad Prosną	Ostrzeszowski	258	3	1912	741	801	859
300502 4	Grodzisk Wielkopolski	Grodziski	1821	18	14713	808	321	300
300601 4	Jaraczewo	Jarociński	1007	10	1403	139	548	906
300602 4	Jarocin	Jarociński	2196	22	26453	1205	258	167
303102 4	Jastrowie	Złotowski	7230	72	8580	119	60	441
302202 4	Jutrosin	Rawicki	162	2	1966	1214	826	851
306101 1	Kalisz	Kalisz	6942	69	99106	1428	63	38
300803 4	Kępno	Kępiński	779	8	13889	1783	626	312
301004 4	Kleczew	Koniński	780	8	4097	525	625	637
300305 4	Kłecko	Gnieźnieński	962	10	2605	271	565	772
300906 4	Kłodawa	Kolski	431	4	6355	1474	756	510
301202 4	Kobylin	Krotoszyński	487	5	3222	662	730	703
300901 1	Koło	Kolski	1385	14	21247	1534	425	207
306201 1	Konin	Konin	8231	82	72539	881	46	48
302108 4	Kostrzyn	Poznański	798	8	9697	1215	618	409
301101 1	Kościan	Kościański	901	9	23716	2632	582	182
301203 4	Koźmin Wielkopolski	Krotoszyński	589	6	6437	1093	694	504
300705 4	Koźminek	Kaliski	604	6	1938	321	689	852
302109 4	Kórnik	Poznański	599	6	8023	1339	691	452
303103 4	Krajenka	Złotowski	376	4	3603	958	770	675
300403 4	Krobia	Gostyński	705	7	4338	615	654	615
301204 4	Krotoszyn	Krotoszyński	2254	23	28701	1273	247	158
301104 4	Krzywiń	Kościański	227	2	1721	758	812	880
300204 4	Krzyż Wielkopolski	Czarnkowsko-trzcianecki	581	6	6147	1058	696	515
302603 4	Książ Wielkopolski	Śremski	196	2	2718	1387	819	761
306301 1	Leszno	Leszno	3186	32	62854	1973	167	61
302101 1	Luboń	Poznański	1351	14	32015	2370	434	143
301502 4	Lwówek	Nowotomyski	316	3	2933	928	791	735
301904 4	Łobżenica	Pilski	325	3	2939	904	789	734
300104 4	Margonin	Chodzieski	515	5	2984	579	720	726
302203 4	Miejska Górka	Rawicki	314	3	3203	1020	792	707
301403 4	Międzychód	Międzychodzki	698	7	10476	1501	659	384
301806 4	Mikstat	Ostrzeszowski	252	3	1812	719	802	869
303002 4	Miłosław	Wrzesiński	446	4	3534	792	749	685
302110 4	Mosina	Poznański	1350	14	14255	1056	435	306
302111 4	Murowana Goślina	Poznański	862	9	10410	1208	594	387
303003 4	Nekla	Wrzesiński	1979	20	3851	195	297	652
301702 4	Nowe Skalmierzyce	Ostrowski	158	1	4744	3003	827	585
301504 4	Nowy Tomyśl	Nowotomyski	520	5	14319	2754	718	303
301601 4	Oborniki	Obornicki	1408	14	17848	1268	421	243
302401 1	Obrzycko	Szamotulski	374	4	2385	638	771	803
301703 4	Odolanów	Ostrowski	476	5	5114	1074	737	571
303105 4	Okonek	Złotowski	601	6	3842	639	690	654
301505 4	Opalenica	Nowotomyski	642	6	9545	1487	677	413
300708 4	Opatówek	Kaliski	868	9	3611	416	592	674
301303 4	Osieczna	Leszczyński	476	5	2392	503	737	801
302405 4	Ostroróg	Szamotulski	125	1	1916	1533	829	858
301701 1	Ostrów Wielkopolski	Ostrowski	4190	42	71560	1708	102	53
301807 4	Ostrzeszów	Ostrzeszowski	1213	12	13964	1151	481	310
301901 1	Piła	Pilski	10268	103	72527	706	29	49
302006 4	Pleszew	Pleszewski	1338	13	16953	1267	440	259
302406 4	Pniewy	Szamotulski	932	9	8084	867	573	451
302112 4	Pobiedziska	Poznański	1024	10	9451	923	540	417
300406 4	Pogorzela	Gostyński	436	4	2087	479	754	838
300407 4	Poniec	Gostyński	348	3	2878	827	779	744
306401 1	Poznań	Poznań	26191	262	532048	2031	8	5
300911 4	Przedecz	Kolski	298	3	1621	544	795	891
302102 1	Puszczykowo	Poznański	1639	16	9575	584	365	411
303004 4	Pyzdry	Wrzesiński	1216	12	3092	254	479	722
300504 4	Rakoniewice	Grodziski	337	3	3619	1074	785	672
301706 4	Raszków	Ostrowski	205	2	2119	1034	817	834
302205 4	Rawicz	Rawicki	887	9	20187	2276	586	216
301602 4	Rogoźno	Obornicki	1124	11	11124	990	506	371
301007 4	Rychwał	Koniński	970	10	2353	243	560	804
301304 4	Rydzyna	Leszczyński	220	2	2919	1327	814	738
301404 4	Sieraków	Międzychodzki	1408	14	5956	423	421	523
302805 4	Skoki	Wągrowiecki	1120	11	4462	398	508	603
302301 1	Słupca	Słupecki	1030	10	13564	1317	536	324
301010 4	Sompolno	Koniński	621	6	3472	559	681	688
300709 4	Stawiszyn	Kaliski	99	1	1461	1476	831	898
302114 4	Stęszew	Poznański	569	6	5903	1037	701	527
301201 1	Sulmierzyce	Krotoszyński	2929	29	2831	97	183	749
302116 4	Swarzędz	Poznański	823	9	29862	3628	610	151
300105 4	Szamocin	Chodzieski	467	5	4192	898	741	629
302407 4	Szamotuły	Szamotulski	1108	11	18736	1691	512	228
301012 4	Ślesin	Koniński	718	7	3124	435	651	716
301105 4	Śmigiel	Kościański	530	5	5621	1061	712	546
302604 4	Śrem	Śremski	1237	12	29176	2359	474	156
302504 4	Środa Wielkopolska	Średzki	2192	22	23672	1080	259	183
300207 4	Trzcianka	Czarnkowsko-trzcianecki	1830	18	17009	929	320	257
300309 4	Trzemeszno	Gnieźnieński	546	5	7606	1393	707	462
302707 4	Tuliszków	Turecki	700	7	3204	458	657	706
302701 1	Turek	Turecki	1617	16	26441	1635	369	168
301907 4	Ujście	Pilski	578	6	3623	627	698	671
302801 1	Wągrowiec	Wągrowiecki	1783	18	25607	1436	330	172
300208 4	Wieleń	Czarnkowsko-trzcianecki	446	4	5758	1291	749	537
300505 4	Wielichowo	Grodziski	124	1	1774	1431	830	873
300310 4	Witkowo	Gnieźnieński	831	8	7706	927	606	458
302903 4	Wolsztyn	Wolsztyński	478	5	12859	2690	735	335
302408 4	Wronki	Szamotulski	581	6	11064	1904	696	374
303005 4	Września	Wrzesiński	1273	13	31000	2435	462	148
301908 4	Wyrzysk	Pilski	412	4	5131	1245	761	569
301909 4	Wysoka	Pilski	482	5	2614	542	732	771
302308 4	Zagórów	Słupecki	344	4	2902	844	781	740
301506 4	Zbąszyń	Nowotomyski	542	5	7213	1331	708	475
301206 4	Zduny	Krotoszyński	620	6	4445	717	682	606
303101 1	Złotów	Złotowski	1158	12	18437	1592	496	233
300604 4	Żerków	Jarociński	216	2	2109	976	815	836
321001 4	Barlinek	Myśliborski	1755	18	13611	776	336	320
321502 4	Barwice	Szczecinecki	752	8	3677	489	636	666
320101 1	Białogard	Białogardzki	2573	26	23950	931	216	180
321503 4	Biały Bór	Szczecinecki	1282	13	2208	172	457	821
320903 4	Bobolice	Koszaliński	477	5	3957	830	736	644
321504 4	Borne Sulinowo	Szczecinecki	1815	18	5052	278	322	574
320602 4	Cedynia	Gryfiński	167	2	1497	896	825	897
321402 4	Chociwel	Stargardzki	367	4	3123	851	773	717
320603 4	Chojna	Gryfiński	1258	12	7367	586	464	470
320202 4	Choszczno	Choszczeński	958	10	14998	1566	566	297
320301 4	Czaplinek	Drawski	1362	14	7094	521	431	476
321702 4	Człopa	Wałecki	627	6	2308	368	680	811
321301 1	Darłowo	Sławieński	2021	20	13574	672	288	323
321003 4	Dębno	Myśliborski	1951	20	13626	698	301	318
321801 4	Dobra	Łobeski	237	2	2296	969	806	814
321403 4	Dobrzany	Stargardzki	534	5	2218	415	710	820
320203 4	Drawno	Choszczeński	503	5	2250	447	724	816
320302 4	Drawsko Pomorskie	Drawski	2233	22	11417	511	251	365
320701 4	Dziwnów	Kamieński	652	7	2647	406	675	768
320702 4	Golczewo	Kamieński	742	7	2673	360	642	766
320402 4	Goleniów	Goleniowski	1178	12	21979	1866	491	195
320803 4	Gościno	Kołobrzeski	570	6	2439	428	700	793
320502 4	Gryfice	Gryficki	1240	12	16212	1307	471	277
320604 4	Gryfino	Gryfiński	1181	12	20923	1772	489	209
321405 4	Ińsko	Stargardzki	748	7	1892	253	639	863
320303 4	Kalisz Pomorski	Drawski	1196	12	4363	365	485	613
320703 4	Kamień Pomorski	Kamieński	1074	11	8677	808	523	437
320103 4	Karlino	Białogardzki	940	9	5862	624	570	530
320801 1	Kołobrzeg	Kołobrzeski	2567	26	46198	1800	217	95
326101 1	Koszalin	Koszalin	9834	98	106235	1080	31	37
321203 4	Lipiany	Pyrzycki	554	6	3887	702	703	651
321802 4	Łobez	Łobeski	1284	13	10048	783	456	392
320403 4	Maszewo	Goleniowski	554	6	3346	604	703	694
320905 4	Mielno	Koszaliński	3345	33	2898	87	153	741
320605 4	Mieszkowice	Gryfiński	525	5	3577	681	715	678
320704 4	Międzyzdroje	Kamieński	516	5	5307	1028	719	563
321703 4	Mirosławiec	Wałecki	241	2	3054	1267	803	724
320606 4	Moryń	Gryfiński	554	6	1612	291	703	892
321004 4	Myślibórz	Myśliborski	1504	15	11049	735	395	375
321103 4	Nowe Warpno	Policki	2451	25	1178	48	228	915
320404 4	Nowogard	Goleniowski	1257	13	16448	1309	465	275
320205 4	Pełczyce	Choszczeński	1307	13	2595	199	451	773
320504 4	Płoty	Gryficki	412	4	3900	947	761	647
320906 4	Polanów	Koszaliński	737	7	2881	391	643	743
321104 4	Police	Policki	3731	37	32243	864	125	142
321603 4	Połczyn-Zdrój	Świdwiński	721	8	7987	1108	650	454
321205 4	Pyrzyce	Pyrzycki	3879	39	12484	322	113	340
320206 4	Recz	Choszczeński	1240	12	2873	232	471	745
321804 4	Resko	Łobeski	449	4	4147	924	748	633
320907 4	Sianów	Koszaliński	1588	16	6560	413	375	498
321302 1	Sławno	Sławieński	1583	16	12357	781	377	349
321401 1	Stargard	Stargardzki	4808	48	67579	1406	88	55
320407 4	Stepnica	Goleniowski	340	3	2464	725	784	790
321411 4	Suchań	Stargardzki	357	4	1440	403	777	900
326201 1	Szczecin	Szczecin	30060	301	398255	1325	3	7
321501 1	Szczecinek	Szczecinecki	4848	48	39827	822	87	109
321601 1	Świdwin	Świdwiński	2238	22	15338	685	250	290
326301 1	Świnoujście	Świnoujście	20207	202	40948	203	9	107
320608 4	Trzcińsko-Zdrój	Gryfiński	233	2	2200	944	808	822
320508 4	Trzebiatów	Gryficki	1025	10	9899	966	539	400
321704 4	Tuczno	Wałecki	921	9	1919	208	576	856
320104 4	Tychowo	Białogardzki	396	4	2485	628	764	787
321701 1	Wałcz	Wałecki	3817	38	24949	654	119	177
321805 4	Węgorzyno	Łobeski	685	7	2771	405	663	754
320706 4	Wolin	Kamieński	1447	14	4739	328	411	586
320306 4	Złocieniec	Drawski	3228	32	12706	394	163	338
